# Position (bp)	A	C	G	T	N
0.0	21.385336454576713	32.489663982817255	27.760059345614085	17.16244080469039	1.2024994123015542
1.0	25.15908429412827	21.386857571500574	24.060729444299398	29.378412935295913	0.014915754775841682
2.0	25.236454714232114	25.016571596448735	23.05092168256445	26.696044147330255	7.85942444806013E-6
3.0	29.519942784630853	22.517240930323908	24.053382290814152	23.90893983867939	4.94155551696436E-4
4.0	29.55399922643842	21.56897678195407	25.524391818728787	23.35227977086351	3.524020152070084E-4
5.0	30.3539787144286	22.715077655282396	23.40266676764503	23.528018679328184	2.581833157872995E-4
6.0	22.51493262453601	24.13459737190812	22.54911526994751	30.800588516945425	7.662166629294057E-4
7.0	23.89054114455214	26.62618423232364	22.795288388506343	26.687071980695958	9.142539219149008E-4
8.0	23.619815935102153	25.44377320933826	23.147168108269096	27.789242747290487	0.0
9.0	29.816276462277706	22.235555646828086	23.502342038416348	24.44448279278955	0.0013430596883055184
10.0	25.210963423378484	26.095981282912113	25.490548752760116	23.202428475017143	7.806593214431113E-5
11.0	23.9876251397054	25.794914852197365	24.932169852107215	25.285016969927916	2.731860621095537E-4
12.0	25.219698702044685	24.791414811097592	24.100800500732447	25.88786746199046	2.1852413482002588E-4
13.0	25.556028547560345	24.440900689497482	24.18282393915285	25.819747385852093	4.994379372276746E-4
14.0	25.72714783571933	24.38521625639988	24.44303694546955	25.443280244941235	0.0013187174700101019
15.0	25.42629297907016	24.402406401881723	24.564912970109123	25.46963898821753	0.13674866072146175
16.0	25.4784252359763	24.620322513035404	24.584209942318207	25.161589708447952	0.15545260022213758
17.0	25.81614956035208	24.637520461579204	24.32716927853357	25.218942213800467	2.1848573467622988E-4
18.0	25.53727592922373	24.58625434454982	24.49836065471435	25.377765736786177	3.4333472591978987E-4
19.0	25.476919245019424	24.447906056128048	24.694670087320944	25.37991938188513	5.852296464541872E-4
20.0	25.754232263757228	24.341417669659247	24.53214791296964	25.371616923967434	5.852296464541872E-4
21.0	25.938002175805796	24.359996760168677	24.174299491817788	25.5270149027559	6.866694518395797E-4
22.0	25.693274743782556	24.385676637055088	24.33504256804387	25.585725140888183	2.809102302980098E-4
23.0	25.796072281947723	24.417879873733973	24.21858967146144	25.566264304378095	0.0011938684787665419
24.0	25.647002586402916	24.46501817099037	24.380378357989187	25.506188530404085	0.0014123542134427717
25.0	25.635305796535786	24.545967135687913	24.346232158884074	25.47143369246666	0.0010612164255702596
26.0	25.72584472437322	24.515699058373304	24.24687577104006	25.511471203346076	1.0924286733811494E-4
27.0	25.65929240897845	24.47610632202519	24.203787262937126	25.659666955952183	0.001147050107050207
28.0	25.655640575984577	24.542775683349248	24.188423033952215	25.61304366078467	1.1704592929083744E-4
29.0	25.681593560039335	24.420954280143345	24.42856226554725	25.46852315035829	3.6674391177795733E-4
30.0	25.868039922337683	24.422725575206613	24.2163189804332	25.492704839349777	2.106826727235074E-4
31.0	25.72174031378609	24.49185290104578	24.230348885824192	25.555714564618015	3.4333472591978987E-4
32.0	25.8484464337744	24.363515941109355	24.319693945182866	25.467703828853256	6.398510801232446E-4
33.0	25.790945670244785	24.49825921490897	24.289636550540976	25.41969939172011	0.0014591725851591068
34.0	25.65094313268904	24.596679235318657	24.423365426286736	25.325906587048387	0.0031056186571835533
35.0	25.774824544250464	24.587463819152493	24.15481524612184	25.482521843501477	3.745469737306798E-4
36.0	25.684121752112016	24.36247033080769	24.170850538434685	25.782487151088034	7.022755757450246E-5
37.0	25.59772625017147	24.54791009811414	24.33477726393748	25.517737062094113	0.0018493256827952316
38.0	25.723183880247348	24.497510120961504	24.152583570403362	25.626691216139978	3.1212247810889985E-5
39.0	25.594199266168843	24.39709251669192	24.27642596665502	25.731665808589955	6.164418942650773E-4
40.0	25.522926098292675	24.57722620187052	24.231121388957515	25.665940617762175	0.002785693117121931
41.0	25.452113311071717	24.620486377336412	24.20697871527579	25.719024848226546	0.0013967480895373267
42.0	25.628727815309638	24.530899423057207	24.070073993315273	25.76971353867143	5.852296464541872E-4
43.0	25.541286703067428	24.49493511051711	24.299249922866732	25.66418492882281	3.4333472591978987E-4
44.0	25.60208035874109	24.590577240871628	24.130212191784906	25.67695073817746	1.794704249126174E-4
45.0	25.48685254288524	24.665494438679715	24.195453592771617	25.651754651132126	4.4477453130518224E-4
46.0	25.655585954550908	24.518118007578646	24.245315158649515	25.58091845472531	6.242449562177997E-5
47.0	25.677855893363983	24.535713912282034	24.20304597205162	25.58244785486804	9.363674343266995E-4
48.0	25.595010784611926	24.55341125679081	24.130953482670414	25.720530839183418	9.363674343266995E-5
49.0	25.434135056332646	24.570702842078042	24.334995749672153	25.659503091651175	6.632602659814122E-4
50.0	25.483973213024687	24.71506729126536	24.199003985960108	25.60062118615593	0.0013343235939155468
51.0	25.657958085384536	24.403990423458126	24.255178228957757	25.681788636588156	0.001084625611428427
52.0	25.63440064134927	24.6555611408139	24.134886225894586	25.574956915393425	1.950765488180624E-4
53.0	25.527826421198984	24.546341682661645	24.129502113147208	25.79568212885009	6.476541420759672E-4
54.0	25.47507772239858	24.77106986690005	24.061162896565264	25.69207307224184	6.164418942650773E-4
55.0	25.43532112174946	24.942323667576453	24.179824059680318	25.442047361152703	4.8378984106879473E-4
56.0	25.37935756142453	24.851222919278417	24.350648691949317	25.41859135692282	1.794704249126174E-4
57.0	25.318431253697675	24.603124564491605	24.345303594511698	25.733023541369725	1.1704592929083744E-4
58.0	25.17836629164631	24.851956407101973	24.398255172922877	25.433089446030984	0.1383326822978644
59.0	25.47445347744236	24.811349272700003	24.093327117934386	25.467758450286926	0.15311168163632083
60.0	25.51606720683623	24.736752000431977	24.084938826335208	25.661149537723198	0.0010924286733811496
61.0	25.837279952506353	24.471236785601587	24.249843232888978	25.44125767019571	3.8235880737762094E-4
62.0	25.803849262051536	24.41407207151528	24.460167513661638	25.321567797522786	3.4335524876243843E-4
63.0	25.338047014970915	25.11575188664064	25.413097471321706	24.13295535227515	1.4827479158417256E-4
64.0	23.49073775331925	25.675951156413078	25.66859923786672	25.164579174465395	1.3267793555005384E-4
65.0	24.641772300513463	23.886722921451884	22.17651937255431	29.293580284846055	0.0014051206342901893
66.0	27.658677829986544	23.414994209282888	25.203479365182485	23.722848595548083	0.0
67.0	26.526669614247123	23.16330324822325	26.291602676569703	24.017565183971204	8.592769887184744E-4
68.0	30.13868680912951	23.038731264939745	23.947949499199982	22.873929012011825	7.034147189373623E-4
69.0	23.76092692515423	23.751909626173912	22.660660035002447	29.826159301652815	3.441120165949584E-4
70.0	23.584258563831607	25.572423369650444	21.76461879323861	29.07837044394231	3.288293370260346E-4
71.0	24.13662669090644	24.323858938324623	22.527188391569293	29.01176141257705	5.645666225860366E-4
72.0	26.58201477166141	23.466037904818464	24.70994785455837	25.24196804658054	3.142238121947119E-5
73.0	29.04655448795014	24.300793432936445	21.490565380289823	25.14880316546994	0.01328353335365149
74.0	18.088855235858837	27.794761533441797	31.319462376944184	21.720138730764877	1.0767821229903056
