# Position (bp)	A	C	G	T	N
0.0	21.466356237076358	32.732023245589936	27.582358117597433	17.03143111704065	1.1878312826956159
1.0	25.362226548037082	21.169704461793927	23.74621148967858	29.70698506740516	0.014872433085251442
2.0	25.316797496033356	25.04076628826412	22.96726455097468	26.675155724830184	1.5939897659481067E-5
3.0	29.787263658988067	22.4094279327348	23.94544963414192	23.857270168646608	5.886054886030069E-4
4.0	29.802491279980043	21.493573578972875	25.39446272280315	23.309226230207575	2.461880363573669E-4
5.0	30.4101081783602	22.633231402034077	23.357321835778997	23.599100550175116	2.3803365161077374E-4
6.0	22.465333079804132	24.13762670975606	22.507192358092766	30.88915006555231	6.977867947338031E-4
7.0	23.977997246683948	26.611890930263726	22.58503742083186	26.824242273426584	8.321287938832035E-4
8.0	23.70138746023411	25.375573262997175	22.984347770428474	27.93869150634024	0.0
9.0	29.902437305307206	22.152128746803047	23.444530545609048	24.499691738472265	0.0012116638084335761
10.0	25.313766370604363	25.98146826961149	25.436391760568227	23.268270672429406	1.0292678651408906E-4
11.0	24.091499563424556	25.675718251703355	24.79252969148405	25.440046673595933	2.0581979210617768E-4
12.0	25.26669482367937	24.70684465529136	23.968918267305245	26.057304797657356	2.374560666700649E-4
13.0	25.636703553687255	24.372018141759682	24.018457070342926	25.972417598576925	4.0363563320696105E-4
14.0	25.79725683441008	24.35113424886145	24.30722074445775	25.543224848221826	0.0011633240488994954
15.0	25.55423290095665	24.278438366458786	24.510929073319804	25.519443972256223	0.13695568700853514
16.0	25.548178867640946	24.550339643139665	24.485510047162897	25.26256302921352	0.15340841284297088
17.0	25.84956684776536	24.536617167624076	24.266346127365466	25.34727992678814	1.8993045696318294E-4
18.0	25.621112163114805	24.488351090248305	24.421408517937824	25.468669230094733	4.5899860432769207E-4
19.0	25.628044624793965	24.41754659864624	24.538896333107633	25.415013876002636	4.985674495283552E-4
20.0	25.84332288399269	24.300486127004596	24.389911717158096	25.465661997859485	6.172739851303445E-4
21.0	26.011593355093034	24.2494344029267	24.142614348422992	25.595890981183906	4.6691237336782466E-4
22.0	25.780218489666673	24.30591497256613	24.223920411541314	25.689772023307	1.7410291888291768E-4
23.0	25.88483060260819	24.32874619624691	24.08749494705847	25.697472120583047	0.0014561335033844024
24.0	25.732316445666754	24.40329390060496	24.251563206798497	25.61171851926417	0.001107927665618567
25.0	25.732878323268604	24.46460186935887	24.196435891664933	25.605086780808538	9.971348990567104E-4
26.0	25.754744067126488	24.445711702660073	24.125663055139025	25.673770382307854	1.1079276656185671E-4
27.0	25.70810822617299	24.398347794954876	24.164859953194803	25.72749696032131	0.0011870653560198934
28.0	25.688513734029616	24.471827140492508	24.11273195652745	25.72680846241482	1.1870653560198934E-4
29.0	25.76084558305643	24.390853455673874	24.31431148151771	25.533704584066548	2.8489568544477436E-4
30.0	25.892681061496	24.36916181473487	24.116016170679107	25.62181648855938	3.2446453064543753E-4
31.0	25.82771693144555	24.359491188967827	24.1132146964389	25.699292287462278	2.8489568544477436E-4
32.0	25.863368460971348	24.318220883423535	24.209636058423875	25.608094013043793	6.805841374514054E-4
33.0	25.91053452445054	24.409063038235217	24.153567004774533	25.52525267873168	0.0015827538080265243
34.0	25.7445511326028	24.53105378798886	24.31277621032392	25.408603723080127	0.003015146004290529
35.0	25.828761548958852	24.4975785449491	24.057533417472527	25.615746627705597	3.798609139263659E-4
36.0	25.75846353857535	24.299394026877057	24.114694571249405	25.827424121991065	2.3741307120397868E-5
37.0	25.679412899633462	24.47002280115136	24.206913721874066	25.64168796261915	0.0019626147219528904
38.0	25.74849218958478	24.450974359071758	24.067164474394367	25.73335314941101	1.5827538080265246E-5
39.0	25.68761947812808	24.35679259372514	24.179816976680655	25.775114108635787	6.568428303310077E-4
40.0	25.576700091261586	24.506703120652375	24.1537173663863	25.760070033690496	0.002809388009247081
41.0	25.62256038284915	24.498061284860547	24.072870301872303	25.805091465759812	0.0014165646581837394
42.0	25.712167989690577	24.481204956805065	24.009575977089323	25.79654459519647	5.064812185684879E-4
43.0	25.685736001096533	24.394667892351215	24.155592929648808	25.76371036744896	2.92809454484907E-4
44.0	25.70643842090552	24.503727543493284	24.06147447445451	25.728217113303963	1.4244784272238718E-4
45.0	25.67474377589979	24.541325860202953	24.105783667310217	25.677679784213677	4.6691237336782466E-4
46.0	25.781009866570688	24.404734206570264	24.18188247040013	25.632325973844676	4.7482614240795736E-5
47.0	25.768806834710805	24.411263066028376	24.147030231547387	25.671902732814377	9.971348990567104E-4
48.0	25.74436911591487	24.47143936580954	24.057699606622368	25.726349463810493	1.4244784272238718E-4
49.0	25.629453275683105	24.430050353729648	24.2146296466882	25.725162398454472	7.043254445718034E-4
50.0	25.621579075488178	24.559907389909185	24.080815725988597	25.736487001950902	0.0012108066631402912
51.0	25.779395457686498	24.364239450391906	24.15196842342843	25.703344137210827	0.0010525312823376387
52.0	25.73579059027537	24.61217783441926	24.010327785148135	25.641537601007393	1.6618914984278506E-4
53.0	25.657286001397257	24.490685652115143	23.99226856419855	25.85917416338008	5.85618908969814E-4
54.0	25.565992761750284	24.651208543325197	24.028671901783163	25.753707363382233	4.19429759127029E-4
55.0	25.49522783899342	24.820768958779077	24.153068437325008	25.53043619745297	4.985674495283552E-4
56.0	25.4440336670728	24.75712642815833	24.240610550446952	25.558015682557834	2.136717640835808E-4
57.0	25.398869787160766	24.565383718084956	24.22169664244104	25.81389949070148	1.5036161176251983E-4
58.0	25.30261461432563	24.768166135969317	24.283906780865518	25.50673445917777	0.13857800966176234
59.0	25.5763281441167	24.761589793896967	23.947769440885885	25.564299215175694	0.15001340592475398
60.0	25.633774193579022	24.638681046934664	23.979218759051374	25.747210159000282	0.0011158414346586999
61.0	25.97378752732395	24.377754702417946	24.11830331263489	25.52975084546854	4.036121546771566E-4
62.0	25.98525539824449	24.345481948974484	24.34210255564444	25.326954326114148	2.0577102243822198E-4
63.0	25.492039428846365	25.005514571012284	25.27271502651941	24.22953310598606	1.9786763589094136E-4
64.0	23.544103227048403	25.665313765178983	25.52768857113276	25.262823197970363	7.123866948961769E-5
65.0	24.74891628135944	23.79391223814718	22.052203752563326	29.403645588813472	0.0013221391165862274
66.0	27.82048844396694	23.27463686474841	25.096143543738215	23.808731147546435	0.0
67.0	26.692998864041744	23.034245192220475	26.198838405640323	24.073030256385596	8.872817118642953E-4
68.0	30.270185309920166	23.006270103828534	23.863116656777407	22.85975420203802	6.737274358773968E-4
69.0	23.854701956900943	23.741431985593568	22.507723565436052	29.895896632308162	2.458597612749304E-4
70.0	23.565709750672752	25.554585878141083	21.581081254891725	29.2983055363552	3.175799392374302E-4
71.0	24.07866156799317	24.23166470883923	22.36798102166311	29.321247439544955	4.452619595374555E-4
72.0	26.59996354957083	23.39975765562565	24.651434805507964	25.34882009259811	2.38966974445509E-5
73.0	29.388421363664275	24.060368635005425	21.204987106281084	25.333023781748228	0.013199113300996705
74.0	17.93795326440685	27.65289249800789	31.550089481645095	21.787776663748186	1.0712880921919787
