# Position (bp)	A	C	G	T	N
0.0	18.338188023721045	33.45743825427226	30.998230123504356	17.09214365755556	0.1139999409467836
1.0	19.883774668906568	24.947292163979377	22.81481899885486	32.13566300372344	0.21845116453576172
2.0	21.014141465884755	30.515924508239927	23.63771791345798	24.828277255385036	0.003938857032296205
3.0	26.164862649366583	24.975248817420535	25.021829957412116	23.837727871064835	3.307047359260676E-4
4.0	27.33279381005098	22.064482752350923	25.60910954987086	24.993394327595382	2.195601318595817E-4
5.0	28.06363250882423	22.527660458424727	24.093634726665616	25.314948902237074	1.2340384834901076E-4
6.0	24.27397738560467	21.708690401591397	21.943475385054086	32.07304835838926	8.084693605870639E-4
7.0	24.171526918809466	24.59407198756703	22.456857629389447	28.77607111018098	0.0014723540530756929
8.0	23.763436148982855	24.103717040744023	22.367254168363907	29.764579432534287	0.001013209374925122
9.0	29.235810248360437	21.9794763939791	23.437023666457726	25.347169510163308	5.201810394284908E-4
10.0	25.405394530083964	25.035930822849718	25.46398698894298	24.093715907462514	9.717506608246659E-4
11.0	24.159199050477106	25.018429681007248	24.633857854178164	26.186788999740312	0.0017244145971695652
12.0	25.082436753099753	24.371123385597905	24.088378494555375	26.45702128486515	0.0010400818818146747
13.0	25.62137951137003	23.89532075151525	23.631073833677508	26.85106269423883	0.0011632091983846446
14.0	25.15834351689285	24.38671479966555	24.367501741354467	26.08548989877565	0.0019500433114882866
15.0	25.51185557910813	24.15431753273678	24.592605162072548	25.73966853369059	0.0015531923919573374
16.0	25.782501063970997	24.06839930865833	24.205162346237373	25.94345832312697	4.789580063304564E-4
17.0	25.51390141402088	24.471004566522478	24.345531253378365	25.669111177100877	4.5158897739728745E-4
18.0	25.56385673408115	24.396492385251925	24.458120596152188	25.58025078241212	0.0012795021026256479
19.0	25.749500857334834	24.110752880932406	24.028591056075037	26.107535651581316	0.003619554076411592
20.0	25.482789670381102	24.384456854778563	24.24738591562402	25.88400595002689	0.0013616091894251546
21.0	25.677253463208498	24.19470053492767	24.318675393737692	25.807865311534815	0.0015052965913242916
22.0	25.76337695500395	23.976104100838448	24.064889230697652	26.195137070939158	4.926425207970409E-4
23.0	25.5162277814802	24.384785283125762	24.126189013250716	25.970772614002268	0.0020253081410545014
24.0	25.745265500107422	24.19877852023871	24.380447292039857	25.673449168186792	0.0020595194272209627
25.0	26.00959558154397	24.09563149244683	23.867852749150533	26.02505224063398	0.00186793622468878
26.0	25.48918718089423	24.569054112675556	24.15381804795875	25.78683905505691	0.0011016034145600497
27.0	25.72432819297355	24.34330067752031	24.29632858161376	25.635194107995453	8.484398969282371E-4
28.0	25.82799523231516	24.14793370673812	23.840606880847563	26.183293123668328	1.7105643083230584E-4
29.0	25.359971153043503	24.552796909489253	24.202069645967928	25.884635437692356	5.26853806963502E-4
30.0	25.67581658918951	24.608109716963185	24.2449569143062	25.469433584261715	0.0016831952793898894
31.0	26.086249389328543	24.196376887949828	23.769180557589227	25.947775787441174	4.173776912308263E-4
32.0	25.63983315839962	24.572119443916073	24.13540553374396	25.65197132273148	6.70541208862639E-4
33.0	25.838491254911027	24.300967632017933	24.432612661186475	25.42525997156358	0.0026684803209839716
34.0	25.893256681806303	24.287481543011115	24.139592995170737	25.678177167934997	0.001491612076857707
35.0	25.65749302431875	24.63681982831408	24.261795709357333	25.443645116749437	2.4632126039852043E-4
36.0	25.629316609032056	24.424593535709054	24.344149117417242	25.60107177117302	8.689666686281137E-4
37.0	25.928767996847085	24.164095118323154	23.939244861122706	25.967871496935352	2.0526771699876702E-5
38.0	25.662049967636126	24.567945667003762	24.185141901572763	25.584267187408056	5.952763792964244E-4
39.0	25.594551100029694	24.416068083196375	24.32087175830958	25.668447478149254	6.158031509963011E-5
40.0	25.82384198217455	24.28581203224619	24.046880409659625	25.842384499276772	0.001081076642860173
41.0	25.436474431168943	24.52049461309088	24.19374261891501	25.847126183539444	0.002162153285720346
42.0	25.712340558300824	24.418893935433726	24.366968045290267	25.50127744942546	5.200115497302098E-4
43.0	26.146570729097245	23.95708946798713	23.872881808217002	26.023334834068418	1.2316063019926021E-4
44.0	25.560326129348766	24.511113878424037	24.335958935508987	25.590958914982213	0.0016421417359901364
45.0	25.823664083486484	24.35011556572467	24.446078223421594	25.37955369324519	5.884341220631322E-4
46.0	26.173809755142983	24.04718146897789	23.963021705008394	25.815959701841802	2.7369028933168935E-5
47.0	25.64857756314377	24.469731906677087	24.121700492505678	25.7597505586703	2.394790031652282E-4
48.0	25.78470427080012	24.452674159394487	24.323464973801	25.438116572904935	0.0010400230994604197
49.0	26.133303592321894	24.152709602286958	23.72429535013883	25.988692485696262	9.989695560606662E-4
50.0	25.677328728038063	24.671824816319603	23.836289416533358	25.813455435694415	0.0011016034145600497
51.0	26.065592614741234	24.39733398289162	23.950411424927438	25.585512478224516	0.0011494992151930953
52.0	26.295814043869814	24.219770565430455	23.709700815460216	25.77464615266718	6.842257233292234E-5
53.0	25.99754636655614	24.63573875167122	23.800524937974938	25.56544413775927	7.458060384288535E-4
54.0	26.05607503492972	24.53406965144173	23.958847928096088	25.450179472407232	8.279131252283603E-4
55.0	26.146132824634314	24.266653711992973	23.759745084864516	25.825518335196705	0.0019500433114882866
56.0	25.619566392474614	24.690408386965228	24.12638059645325	25.56276881518105	8.758089258614059E-4
57.0	25.817430787146954	24.581602812441414	24.21082773522654	25.389974451011494	1.6421417359901362E-4
58.0	25.93106015302024	24.591982516664316	23.73602297903669	25.74076329484792	1.7105643083230584E-4
59.0	25.842425552820174	24.75833147452012	23.873826039715198	25.524855867851382	5.610650931299632E-4
60.0	26.22135660065713	24.570053082231617	24.18104338949002	25.02581583654121	0.0017310910800229355
61.0	26.96644750841772	23.804458566911688	23.599101198014917	25.629719035430014	2.736912256645736E-4
62.0	26.56748111190931	24.337954622601856	24.046902280597667	25.0470735442063	5.8844068487106E-4
63.0	26.320379673560655	24.926115284241988	24.75772272498984	23.995043333201046	7.389840064702156E-4
64.0	23.894982731186353	25.808299130311973	24.829881281268378	25.46611837824101	7.184789922901045E-4
65.0	25.35852518617277	23.502703370032048	21.530857617675604	29.607544279549113	3.6954657046411356E-4
66.0	30.149102193221232	22.45537454119954	23.840622373870854	23.554414935899693	4.8595580868453675E-4
67.0	29.04958849119921	22.630745387581197	24.275137540427597	24.04310460384071	0.0014239769512899932
68.0	32.62797869081527	21.902606366662372	21.268600113508178	24.20013682070673	6.780083074508798E-4
69.0	25.294685254188664	24.262743006777274	22.00709855127258	28.43536355974237	1.0962801911282291E-4
70.0	24.7724018171643	26.004275438654247	21.649493586156193	27.573657701550513	1.714564747451471E-4
71.0	23.706574413093133	25.388237641905487	24.794743375741053	26.11032095895774	1.2361030258909334E-4
72.0	25.02267344705461	23.862805558406553	30.617181409864656	20.49274435936093	0.004595225313252657
73.0	32.83308517264841	22.946207986953706	24.816392447316503	19.15671137261332	0.24760302046806745
74.0	16.10647071863401	32.189040021372016	34.21545236484758	17.363668142624096	0.12536875252229568
