# Position (bp)	A	C	G	T	N
0.0	22.089575982398767	31.846674968332984	27.79858231497797	17.078006470848724	1.1871602634415592
1.0	25.230019796017572	21.512472532910714	24.368906820826584	28.873606498151805	0.014994352093331057
2.0	25.335061589214526	24.56628148623357	23.098817612863694	26.99982913510101	1.0176587193965854E-5
3.0	29.444726283497584	22.573124538837675	23.95288666667682	24.028724223787318	5.382872005967879E-4
4.0	29.659378869139065	21.585275951687795	25.408900502854987	23.346089767575336	3.549087428219707E-4
5.0	30.43416244069302	22.642405130614648	23.512196920747826	23.411002504483292	2.3300346121576343E-4
6.0	22.710642810124483	24.085268503536994	22.609342878703913	30.5939865137253	7.592939093087206E-4
7.0	24.18826288728379	26.595444038532463	22.60543888326481	26.610095319330636	7.588715883030568E-4
8.0	23.783907885547723	25.42569659051315	22.975939251147814	27.81445627279131	0.0
9.0	29.8164165922232	22.26783369758813	23.40583545794235	24.508771690349548	0.0011425618967740826
10.0	25.263759097210954	26.031121698304418	25.444745515648037	23.260252384266593	1.2130456999804397E-4
11.0	24.170017067766423	25.738337304222753	24.64468431605982	25.446819813324907	1.414986260988758E-4
12.0	25.38242224978661	24.700082282202285	23.90784069955435	26.009472862335265	1.819061214845884E-4
13.0	25.628822047084327	24.439638560328497	24.130034936635287	25.801059840936958	4.446150149319911E-4
14.0	25.761043289253337	24.477675369702716	24.270602644880686	25.489526832660303	0.001151863502962411
15.0	25.494710218423634	24.39583243659749	24.481262313067205	25.491416292967795	0.13677873894387857
16.0	25.4709656637573	24.640754991964236	24.52098139578778	25.210977946259703	0.15632000223097772
17.0	25.832893301267067	24.57387618033171	24.253415628928586	25.33957239189306	2.4249757957103393E-4
18.0	25.715726554071	24.49647903618529	24.38342464377611	25.40405653992733	3.1322604027925216E-4
19.0	25.63585391379979	24.522001906435136	24.544038873978653	25.297438437442597	6.668683438203432E-4
20.0	25.86554964198264	24.387567310760446	24.366136587165858	25.380099799878874	6.466602121894238E-4
21.0	26.03489378504974	24.369258743502833	24.0974795811986	25.497771750365715	5.96139883112125E-4
22.0	25.70800704778799	24.410584372688064	24.25665903405535	25.624527256020656	2.2228944794011442E-4
23.0	25.895235387348457	24.43156041332096	24.010018787499977	25.662013340196015	0.0011720716345933306
24.0	25.71512031012207	24.49170991712039	24.213423736430997	25.578462819967978	0.0012832163585633877
25.0	25.69694309572006	24.60245047845783	24.142725587920225	25.556870431320338	0.0010104065815459747
26.0	25.770207676947958	24.59723678049705	24.00730079379562	25.625173916232846	8.083252652367797E-5
27.0	25.74623072876787	24.52639717506486	24.003744162628575	25.722496278167355	0.0011316553713314917
28.0	25.663549158199967	24.604461187555103	24.051223167895422	25.680655341625535	1.1114472397005721E-4
29.0	25.76783322148132	24.413352886721498	24.243453020034543	25.575077957919802	2.829138428328729E-4
30.0	25.95061577208299	24.379271872725955	24.055204169826713	25.61464547965314	2.627057112019534E-4
31.0	25.823334855005648	24.442189890558822	24.13594575975805	25.598034395452522	4.950992249575276E-4
32.0	25.91038138200583	24.377150018904707	24.104309929689848	25.607532217319058	6.264520805585043E-4
33.0	25.934237081396134	24.55454710242673	24.07697843165903	25.432529797395294	0.001707587122812697
34.0	25.741441401571347	24.64718117782287	24.275210098892533	25.332782459665076	0.003384862048179015
35.0	25.834904010364347	24.528579653281003	24.0296408833136	25.60654201886914	3.334341719101716E-4
36.0	25.803945152705776	24.34534241971764	24.041149414277406	25.80952259703591	4.0416263261838985E-5
37.0	25.681271689640283	24.54202816488138	24.157497732142428	25.61733316116005	0.0018692521758600531
38.0	25.79615491796206	24.51412073509908	23.938168775486243	25.75150505112354	5.0520329077298727E-5
39.0	25.718939647000315	24.450212518816297	24.08454637695481	25.745553756358238	7.477008703440212E-4
40.0	25.537844475389832	24.59418535262078	24.148020118407526	25.717070394824454	0.0028796587574060274
41.0	25.555799400343904	24.53479365375751	24.067379569134342	25.8404915587603	0.0015358180039498814
42.0	25.738996217644	24.546888220538616	23.923740169501766	25.789759044300876	6.163480147430445E-4
43.0	25.68096856766582	24.511998881277833	24.087264370659167	25.719485266554347	2.829138428328729E-4
44.0	25.700418894360578	24.600146751451906	23.97972679818523	25.71955599501506	1.515609872318962E-4
45.0	25.674946544439802	24.672845504994136	23.98927514038084	25.66259937601331	3.334341719101716E-4
46.0	25.79138579889716	24.481888765147765	24.155618375900755	25.5710262275278	8.083252652367797E-5
47.0	25.742643785403384	24.44881815773376	24.130681541468196	25.676997669800343	8.588455943140784E-4
48.0	25.69358854586933	24.495317068616508	24.052314407003493	25.75868904191833	9.093659233913771E-5
49.0	25.531741619637295	24.56234744123627	24.21247395424434	25.692840844998983	5.96139883112125E-4
50.0	25.557496883400898	24.699580863141843	24.054789903128277	25.68676830144389	0.0013640488850870658
51.0	25.749746943671653	24.446676095780887	24.096954169776193	25.705592176058094	0.001030614713176894
52.0	25.696508620889997	24.753920529097385	23.99594382381904	25.553424944877268	2.020813163091949E-4
53.0	25.547261464729836	24.574310655161774	24.0243463528263	25.85345507520153	6.264520805585043E-4
54.0	25.52253681567941	24.768783609911928	23.975200176699904	25.73292367408891	5.55723619850286E-4
55.0	25.417424219001184	24.921355003725367	24.143352040000785	25.517333221784444	5.355154882193665E-4
56.0	25.404571847283915	24.92400226896902	24.115929605377627	25.55537502957965	1.2124878978551696E-4
57.0	25.432297403881538	24.686839636148548	24.082414419067746	25.798276771783307	1.7176911886281567E-4
58.0	25.31269557682394	24.930398142630207	24.19932856461843	25.418495249977617	0.1390824659498034
59.0	25.55939644777421	24.86894521434058	23.868349680701417	25.548069789995075	0.15523886718872354
60.0	25.569581346116188	24.753496158333135	23.975937773504434	25.699954107333067	0.001030614713176894
61.0	25.85237790377157	24.57638764269282	24.088815114081505	25.481863603368527	5.557360855809321E-4
62.0	26.010663656284528	24.369413256392363	24.184750482447285	25.43490988355585	2.627213199765814E-4
63.0	25.509053740383653	24.99235542764637	25.182929109096584	24.315419198436526	2.4252443686331021E-4
64.0	23.581465028840633	25.711566610760027	25.528546140360024	25.17830094750233	1.2127253698509196E-4
65.0	24.800220034167562	23.90465832993784	22.04649768336408	29.247127946613617	0.0014960059169055644
66.0	27.685285908078416	23.414224442166397	25.033620513502854	23.86686913625233	0.0
67.0	26.534653745750987	23.189981620779978	26.03810833311671	24.236224612254695	0.001031688097626824
68.0	29.95101138136085	23.234564395558934	23.68966905738628	23.1240164251373	7.387405566440454E-4
69.0	23.76541044029135	24.026166091963276	22.44006371709303	29.768116725696416	2.4302495592894315E-4
70.0	23.631015392824736	25.621279683841358	21.652854594578102	29.09454622089726	3.0410785854240494E-4
71.0	24.254551110345847	24.365333915944763	22.429629771010966	28.94976438349044	7.20819207984159E-4
72.0	26.90262235559082	23.661016831925767	24.108160789150805	25.328159338745266	4.068458734589314E-5
73.0	28.568427338779443	24.747235471711594	21.450932653462264	25.22031752837262	0.013087007674070218
74.0	18.16208833372303	27.9530221735588	30.46641005066741	22.359191669902692	1.0592877721480654
