# Position (bp)	A	C	G	T	N
0.0	21.774010061963725	31.800909891184638	28.136117568314155	17.09432195146662	1.1946405270708673
1.0	25.259001654933932	21.34247687066104	24.172308313949202	29.21299394941087	0.013219211044954021
2.0	25.337348510498337	24.874326717274272	23.06885443220238	26.719449018990787	2.1321034223671295E-5
3.0	29.748542984872007	22.437039994950005	23.986004710962387	23.82797965533799	4.326538776071829E-4
4.0	29.76704385762846	21.618518091803725	25.348813182236015	23.265384103623433	2.4076470836914413E-4
5.0	30.16023274319059	22.749725721904827	23.519671224278227	23.570122687402495	2.4762322386052103E-4
6.0	22.509100591603858	24.227667580202077	22.63603445406278	30.626561043288458	6.363308428286857E-4
7.0	23.95049038569301	26.692507953565958	22.746520266312142	26.609675826911523	8.055675173695197E-4
8.0	23.771594612695868	25.46982245979575	23.072979552581792	27.685603374926593	0.0
9.0	29.71065303219545	22.337631671561542	23.59612708936013	24.354437219349695	0.0011509875331809228
10.0	25.051594498375252	26.158110646673165	25.598530772798544	23.19169348695789	7.059519514982772E-5
11.0	23.9887196408377	25.83344544332526	24.816444298321088	25.361150633902596	2.3998361335421286E-4
12.0	25.27036621428017	24.673724178329202	24.09621505649538	25.959496940568695	1.9761032655106465E-4
13.0	25.562451299290128	24.43361100882678	24.15353385264762	25.849888693164747	5.15146070726874E-4
14.0	25.69889427561018	24.454846729644874	24.41897288758885	25.426150055116164	0.0011360520399331467
15.0	25.470950020343093	24.390486911904315	24.59369910257534	25.407726254642466	0.137137710534787
16.0	25.457585532370214	24.632896426064956	24.58535864598403	25.17263404461481	0.15152535096598999
17.0	25.76739609675099	24.64019961775024	24.340331272774847	25.251896607127662	1.7640559626291096E-4
18.0	25.55222360665334	24.554960433636	24.542950740642425	25.349597082561914	2.6813650631962466E-4
19.0	25.54637399708126	24.509765319873445	24.62445012611589	25.318824890349813	5.856665795928644E-4
20.0	25.75881572854876	24.372818127382622	24.496478450362925	25.371294970902248	5.927228034433808E-4
21.0	25.911110207914454	24.360427398301116	24.23396575445216	25.494037984781983	4.5865455028356846E-4
22.0	25.663980079997824	24.393803337114058	24.33370547857921	25.608285305145696	2.2579916321652604E-4
23.0	25.76180051123753	24.441037699569414	24.21278297045291	25.5831016422232	0.0012771765169434753
24.0	25.671466733503216	24.47759599533894	24.339526863255887	25.51029552453357	0.0011148833683815973
25.0	25.624352326853323	24.56438049247644	24.312649706609267	25.49765077139345	9.667026675207519E-4
26.0	25.6698438020176	24.550606743520234	24.216275801258917	25.563196034740894	7.761846235568082E-5
27.0	25.64114613961755	24.464760724154853	24.260955810680386	25.631916598821075	0.0012207267261393439
28.0	25.621508668641564	24.54847576391738	24.21907006590372	25.610783208388778	1.622931485618781E-4
29.0	25.65901249840706	24.47511220454356	24.39874269380942	25.46678684827129	3.457549686753055E-4
30.0	25.802430248168807	24.4135043141047	24.2488473305529	25.53504875780118	1.6934937241239452E-4
31.0	25.680350519331018	24.484751006323364	24.27116616659208	25.56340066523256	3.316425209742726E-4
32.0	25.759069752607385	24.4640833266652	24.283747413717553	25.492464446863316	6.350601465464795E-4
33.0	25.798549325051017	24.502116373219486	24.298142110372606	25.39942813539426	0.0017640559626291095
34.0	25.683575213630704	24.605849920045927	24.405001564364827	25.302553238150516	0.0030200638080210354
35.0	25.743927096224173	24.621789929724244	24.14593936191697	25.487955519822837	3.8809231177840413E-4
36.0	25.6923602123246	24.381546676285712	24.195382322437535	25.73065433916135	5.644979080413151E-5
37.0	25.58567010770479	24.566151604662924	24.30502898485071	25.54137113437125	0.0017781684103301424
38.0	25.677146993702888	24.534384484887898	24.152776842828118	25.635663453685698	2.8224895402065755E-5
39.0	25.600022467016743	24.44318279161997	24.286372328989945	25.669872026913005	5.503854603402822E-4
40.0	25.52719518065556	24.58991696659146	24.22571702877091	25.65439067178497	0.0027801521971034765
41.0	25.439401643507438	24.62639764389863	24.184727424423254	25.747793906894255	0.001679381276422912
42.0	25.583059304880095	24.578598783535234	24.12632305961253	25.71150374763105	5.151043410876999E-4
43.0	25.534018549119008	24.491136888908084	24.29175622778789	25.682777860335598	3.1047384942272326E-4
44.0	25.553853594362813	24.6314499001756	24.16675522227599	25.647828383603986	1.1289958160826302E-4
45.0	25.546846764079252	24.650113612260217	24.17794639330291	25.62465574447889	4.374858787320192E-4
46.0	25.67358360065837	24.50941250868092	24.236266083427427	25.580674301218625	6.350601465464794E-5
47.0	25.630180767753846	24.56530485780086	24.227445803614284	25.57610892438734	9.596464436702356E-4
48.0	25.613012975125542	24.556950288761847	24.177297220708663	25.65262661582234	1.1289958160826302E-4
49.0	25.49090502139235	24.577025245616568	24.285433851217828	25.646029046522106	6.068352511444137E-4
50.0	25.471493349579582	24.699274323826764	24.207003923119334	25.62119113856829	0.0010372649060259164
51.0	25.637145260694304	24.491228619818138	24.21773643959597	25.652901808552507	9.878713390723012E-4
52.0	25.621473387522308	24.7059283429178	24.106057584713845	25.566336054354377	2.046304916649767E-4
53.0	25.517584603771155	24.63512619280172	24.097632453436333	25.749169870545106	4.868794456856342E-4
54.0	25.461713423322767	24.76179952336619	24.09803465819581	25.677873784759488	5.786103557423479E-4
55.0	25.38279661577859	24.896869760312775	24.23433267809239	25.485471729027452	5.292167887887329E-4
56.0	25.337178128585002	24.895888945197555	24.315937906923608	25.450846838592973	1.481807008608452E-4
57.0	25.31814749286016	24.615051235947	24.33317626179042	25.733455660030007	1.6934937241239452E-4
58.0	25.16701023420595	24.886737022863436	24.34946202643741	25.458968552244915	0.13782216424828708
59.0	25.448426553812244	24.892036246975174	24.042749144327015	25.464020808521887	0.1527672463636809
60.0	25.50643577008734	24.747609457202802	24.10322803894979	25.641520119481626	0.0012066142784383108
61.0	25.834945368621558	24.483460708465692	24.218831479404546	25.462353172128395	4.0927137980765094E-4
62.0	25.891800910423463	24.44037776335708	24.317415271257023	25.350173184819575	2.3287014285807027E-4
63.0	25.38800509998455	25.040212800927353	25.40208390274857	24.169521770239726	1.7642609979972814E-4
64.0	23.47531339806779	25.764465016171616	25.710290260520868	25.049860748434554	7.057680517294105E-5
65.0	24.55502848047853	23.959610671141977	22.247160617248927	29.236837815902973	0.0013624152275949933
66.0	27.558152753760517	23.36152325863015	25.210619484023393	23.869704503585936	0.0
67.0	26.476905994424243	23.18698668518707	26.310397545632124	24.025017520048365	6.922547081973341E-4
68.0	30.008026408771848	23.14776853892292	23.955469650923657	22.888106405713092	6.289956684814017E-4
69.0	23.79607748626129	23.92491670073456	22.650363863467913	29.628429798680862	2.1215085538164134E-4
70.0	23.50196186535288	25.519519473600226	21.70129752265387	29.276980444776317	2.406936167061758E-4
71.0	24.054967395995863	24.288834553608446	22.399967500923076	29.255578299237662	6.522502349518781E-4
72.0	26.57818083182717	23.47183198477832	24.57889691393612	25.371068961718585	2.1307739802097974E-5
73.0	28.86727647188402	24.405967450915814	21.429392269289526	25.285087860000015	0.012275947910629387
74.0	18.021646896906272	28.13262304265563	30.68661855717705	22.08735355541029	1.0717579478507555
