# Position (bp)	A	C	G	T	N
0.0	18.102783773884237	30.01282308434174	34.12004621974755	17.632079142546324	0.1322677794801483
1.0	19.0836192468446	25.82307274418173	25.039429564243793	29.834412392870423	0.2194660518594523
2.0	20.795300163567944	29.69757764646156	24.55868880040137	24.944208766678393	0.004224622890733675
3.0	24.90060114591391	24.951079047082114	25.945764117423398	24.202361071049285	1.9461853128974316E-4
4.0	26.132614952475887	22.162067832422185	26.331172431624033	25.373807812698164	3.369707797320041E-4
5.0	27.601368722607184	22.366351623776758	24.610287456232708	25.42186977138986	1.2242599348693715E-4
6.0	24.4075721394384	20.87168728075054	21.949113378089987	32.770760628243345	8.665734777337003E-4
7.0	24.68711872482323	23.667331492038095	22.702995056299574	28.94057798030712	0.001976746531981619
8.0	24.325535583873766	23.356040412353494	22.335882107887826	29.98142148080169	0.0011204150832315623
9.0	29.439102159389275	21.415321749572104	23.120167605820825	26.024868780462768	5.397047550229202E-4
10.0	25.755236903769983	24.130104652554984	25.26514383312279	24.848415062344383	0.0010995482078585933
11.0	24.940549991097388	24.122609083474742	24.131455704945935	26.803512057822903	0.0018731626590317643
12.0	25.528748590755356	23.316569154147825	23.784028645521847	27.36941169284956	0.0012419167254117032
13.0	26.17317416409429	23.023699794125058	23.474415775771902	27.32756001292762	0.0011502530811259247
14.0	25.763374804577698	23.777693880959916	23.980050562705276	26.477007832771136	0.00187291898597316
15.0	25.925524801569832	23.62371754671635	24.21333076553426	26.235594682823717	0.0018322033558433087
16.0	26.186959862633607	23.71595880677553	23.729384785810847	26.367126525958202	5.700188218179182E-4
17.0	26.14659031535986	24.025876004416425	23.796005735610816	26.031080072681473	4.4787193142836436E-4
18.0	25.904383210624903	24.111796162897946	24.068657952775364	25.913646016479447	0.0015166572223369612
19.0	26.033930166790558	23.850462890909494	23.567173715373517	26.544412558451103	0.0040206684753228165
20.0	25.935103153557883	24.070225504535365	23.619981887651935	26.373315301737936	0.0013741525168824815
21.0	26.020107210361477	23.747136800547462	23.94394597768763	26.2868251244346	0.001984886968830251
22.0	26.109712133369744	23.63954574792933	23.798336705435748	26.451876110073485	5.29303191688067E-4
23.0	26.104541248343256	23.979785911109435	23.665766613732956	26.24739203665384	0.002514190160518318
24.0	26.143607895452845	23.94385436751984	24.008022200604483	25.902245640043088	0.00226989637973921
25.0	26.253194013947343	23.952995026483993	23.44897624110656	26.34307376745899	0.001760951003116069
26.0	25.886162966141796	24.38270778687444	23.721231480877343	26.008615223757324	0.0012825423490903161
27.0	26.208325389544246	23.955773868240353	23.966431184426842	25.868522919388038	9.466384005190429E-4
28.0	26.269134183143176	24.0943495153873	23.431539772503452	26.204854382075677	1.2214689038955392E-4
29.0	26.009409178544857	24.326092703178883	23.716070774758386	25.947735177805665	6.921657122074723E-4
30.0	25.998446495132395	24.569867359673836	23.85019823931365	25.58008321664064	0.00140468923947987
31.0	26.24103021944605	24.355804934266143	23.371280639911273	26.03148722898277	3.969773937660502E-4
32.0	26.180455540720367	24.58749722752006	23.579805739621307	25.65132539046035	9.161016779216544E-4
33.0	26.182990088695945	24.108915532066256	23.8858345945848	25.81935879600624	0.0029009886467519057
34.0	26.302897619428357	24.344027938251084	23.60544640769558	25.746264061015626	0.0013639736093500187
35.0	26.24525446607202	24.46181825621674	23.774294125844072	25.518358321363788	2.748305033764963E-4
36.0	26.053402416900163	24.202510586827252	23.707744428396833	26.035395929475236	9.466384005190429E-4
37.0	26.315407496785753	23.995705722490204	23.402244876625026	26.286601188468882	4.0715630129851305E-5
38.0	26.31197720494732	24.409692070743	23.471532700198498	25.806054963861314	7.430602498697862E-4
39.0	26.072477689615997	24.237984079577885	23.71775029450124	25.971747220674747	4.0715630129851305E-5
40.0	26.07133765197236	24.26759452158982	23.697524805234238	25.962392804652414	0.0011502165511682993
41.0	25.979126928635782	24.46354867049726	23.644197508671667	25.910734848925166	0.0023920432701287644
42.0	26.091807435020144	24.21093872226413	24.053735674332774	25.642836181578275	6.819868046750093E-4
43.0	26.49989001690411	23.85512483055936	23.517887445101334	26.126924666007138	1.7304142805186807E-4
44.0	26.041340411474195	24.397976148173136	23.858707806010788	25.70017396770864	0.0018016666332459203
45.0	26.128858658438308	24.302538711148763	23.920697352883487	25.647202932909703	7.02344619739935E-4
46.0	26.51226756846359	24.035729186907847	23.515454686201075	25.93653837951996	1.0178907532462826E-5
47.0	26.089466286287678	24.55736766122397	23.474922276406808	25.878080913561025	1.6286252051940522E-4
48.0	26.267332516509935	24.333248475174205	23.76742336325966	25.63103882774815	9.568173080515056E-4
49.0	26.63448571120587	24.122850456478197	23.248675698682757	25.992858274897074	0.0011298587361033739
50.0	26.1578278292757	24.67221627491275	23.14071820539346	26.028199441849786	0.0010382485683112083
51.0	26.750932413377242	24.2370170833623	23.13173023004229	25.87931256137245	0.0010077118457138198
52.0	26.809379700428643	24.250585567103077	23.009878527971182	25.93010530995944	5.0894537662314137E-5
53.0	26.71829883582817	24.57265638033773	22.956194969644972	25.7520558594016	7.939547875321004E-4
54.0	26.756327234369447	24.274475463081764	23.30915876724065	25.65918350707541	8.550282327268775E-4
55.0	26.588802774200175	24.071599657052246	23.214281170130565	26.123443479631035	0.00187291898597316
56.0	26.300780406661605	24.571099007485266	23.418663454474885	25.708174589029152	0.0012825423490903161
57.0	26.307630811430954	24.39716183557054	23.574136088125723	25.720959296889927	1.1196798285709109E-4
58.0	26.57900048624641	24.521700769230222	22.944835308838744	25.954341288794236	1.2214689038955392E-4
59.0	26.654446548877026	24.675463346415604	23.05190723717272	25.617684101065556	4.987664690906785E-4
60.0	26.8812020719777	24.566253847499812	23.13853991918151	25.412650366639163	0.0013537947018175559
61.0	27.696225177872023	23.947562946105116	22.393716006130983	25.962282111985118	2.1375790675228656E-4
62.0	27.811921099018527	24.289342821961192	22.609485988096022	25.288507021144202	7.430697800543987E-4
63.0	27.236080299235926	24.86019376719394	23.412884465867815	24.490128923649277	7.12544053036079E-4
64.0	24.554085313491107	26.075671839365256	23.638629231481485	25.73095194565592	6.616700062339494E-4
65.0	26.17942601438675	23.354598432111707	20.47035630705835	29.995303644862297	3.156015808992222E-4
66.0	30.609614076753726	22.785821543629854	22.759978400916342	23.84402594211645	5.60036583626139E-4
67.0	29.28473725218596	23.25813400418604	22.957513227782673	24.497985914130176	0.001629601715155805
68.0	33.636197459585	22.334334117698845	20.016645096105663	24.012008189680735	8.151369297582242E-4
69.0	25.26108990476156	25.354828732179048	21.48406251334848	27.899906709732498	1.1213997842222924E-4
70.0	24.993073266421	27.370113922953905	21.56832269771449	26.068275805131364	2.1430777923971969E-4
71.0	24.07304165853469	26.98577730274552	24.59626402574166	24.344722867387322	1.9414559080036008E-4
72.0	25.139269030892645	25.603425786347678	29.649240899218764	19.60275255845533	0.005311725085578646
73.0	30.560777762163816	26.062246275966857	25.59101138505145	17.529659775414437	0.2563048014034434
74.0	16.255288669176323	37.07979420296829	30.199337115292753	16.31384709191876	0.1517329206438821
