# Position (bp)	A	C	G	T	N
0.0	18.08575084705486	34.7987859212382	30.07799008891227	16.916082798208016	0.12139034458665046
1.0	19.671570078594463	25.02108780691702	22.04154517404791	33.047356856339505	0.21844008410110247
2.0	20.431391399725893	31.206030224198024	23.293257120914255	25.064767402352356	0.004553852809477184
3.0	25.712097112242965	25.427651034458997	24.90383139342364	23.956152490109044	2.6796976535418905E-4
4.0	27.017791294477096	22.065538912814546	25.766291938136703	25.150065250402037	3.126041696211573E-4
5.0	28.04133685806358	22.450157317751383	24.374690506845038	25.13369342465127	1.2189268872416447E-4
6.0	24.37011538269743	21.51989515024189	22.10157834211459	32.00757366681424	8.374581318516922E-4
7.0	24.261269177346612	24.340866042812916	22.633612203919256	28.762616502682665	0.0016360732385521863
8.0	23.591797710909127	24.027474141720244	22.48936616614326	29.890312176833312	0.001049804394055186
9.0	29.391939915387177	21.845898179398205	23.402781765460855	25.358840138803064	5.400009507058991E-4
10.0	25.620095650336282	24.91882816284998	25.296298022788875	24.163812398437774	9.657655870953641E-4
11.0	24.153769610962637	24.962035203561342	24.710464961635235	26.171791207648944	0.0019390161918497598
12.0	25.016710938964298	24.46099000385125	24.095117197078828	26.426086933380173	0.001094926725450545
13.0	25.632969139865136	23.863114492840015	23.561122032995176	26.94166902879444	0.001125305505237841
14.0	25.103953119156213	24.38052958401341	24.371352497957965	26.14203589738482	0.002128901487592724
15.0	25.478297636090595	24.207130557848984	24.60738684717521	25.70546663125594	0.0017183276292712703
16.0	25.80248371333338	24.058647282308986	24.133782298381814	26.004622909580306	4.6379639551127205E-4
17.0	25.44243324924426	24.444274977127613	24.384977467478556	25.727873319412854	4.409867367156357E-4
18.0	25.542772938286262	24.4396446163921	24.45914687466237	25.55689211708076	0.001543453578504725
19.0	25.771166051806972	24.109102247564937	23.956247120755776	26.15972098617104	0.0037635937012799946
20.0	25.396099229010723	24.351036695190654	24.298019444929995	25.953590099634873	0.0012545312337599983
21.0	25.666606575887773	24.211228693212597	24.321589425685485	25.798856977584872	0.0017183276292712703
22.0	25.745269485854323	23.938638064165545	24.04922689322639	26.266378950699433	4.8660605430690836E-4
23.0	25.4683450216361	24.450190281975285	24.087683977955834	25.991712642701977	0.0020680757308043606
24.0	25.707671564939517	24.258026509841645	24.406000369668536	25.626035796109935	0.0022657594403665423
25.0	26.05287294115268	24.050838775781283	23.857245598363118	26.03731675385405	0.0017259308488698157
26.0	25.453343869368172	24.618958947404195	24.166810684317895	25.759601554797584	0.00128494411215418
27.0	25.677479179913693	24.393683153918893	24.32146017095231	25.6063358541301	0.0010416410850007257
28.0	25.895083324824064	24.120917650821074	23.79645025445315	26.187404308729338	1.4446117237236342E-4
29.0	25.34881480632737	24.5510013706324	24.23296629804484	25.866601664207913	6.158607874821809E-4
30.0	25.72662639139869	24.55549487341514	24.29151108895364	25.424482047772095	0.0018855984604392699
31.0	26.09948067729176	24.164027905944828	23.759817942427357	25.976323726234522	3.497481015330904E-4
32.0	25.63211076856917	24.565759219873172	24.20672758721026	25.594581276630752	8.211477166429078E-4
33.0	25.853622968353196	24.312587213680807	24.45047160110043	25.3805430417121	0.0027751751534690868
34.0	25.903097118280932	24.266390051400045	24.107315490959277	25.72176033085562	0.0014370085041250887
35.0	25.61644813619617	24.610808295994556	24.32318610180118	25.44923052756536	3.2693844273745404E-4
36.0	25.60242779925645	24.455352868082695	24.360791625935583	25.580560939691033	8.667670342341807E-4
37.0	25.951780533370417	24.102107285534274	23.92851817887988	26.01757119255663	2.2809658795636328E-5
38.0	25.623473511105228	24.56780448594518	24.244743685202987	25.563415679496316	5.626382502923628E-4
39.0	25.634498179523113	24.418553285225737	24.36354399143026	25.583336114844503	6.842897638690899E-5
40.0	25.871779456754524	24.244492778956232	24.035404239996236	25.847243867110016	0.001079657182993453
41.0	25.436305054247832	24.50843094410014	24.225461920301075	25.82771119596135	0.002090885389599997
42.0	25.72163107612245	24.47664948617822	24.403924690718135	25.397194092632912	6.006543482850901E-4
43.0	26.229465319548495	23.87318954986127	23.88217655542675	26.015100146187102	6.842897638690899E-5
44.0	25.51210155042573	24.5321757989064	24.390223689001555	25.563871872672227	0.0016270889940887248
45.0	25.81093089030736	24.38817081970995	24.47379067560917	25.326522166464432	5.854479090879991E-4
46.0	26.21071578001848	24.0178027866256	23.924473266053457	25.846985357643664	2.2809658795636328E-5
47.0	25.6047695908928	24.464856892580876	24.18262538108287	25.747618880710277	1.2925473317527253E-4
48.0	25.808627114769	24.408676702967224	24.355705072024158	25.42612434320538	8.667670342341807E-4
49.0	26.179778279472	24.121024095895454	23.73989750707917	25.958387731201555	9.123863518254532E-4
50.0	25.677091415714166	24.652261049245823	23.878557422897842	25.791170122570744	9.199895714239987E-4
51.0	26.095017587387414	24.404122374427697	23.988560804049598	25.511173957634707	0.0011252765005847255
52.0	26.33795566000014	24.20446943098949	23.694270586268296	25.763251100204883	5.32225371898181E-5
53.0	26.002212688967568	24.625550938796135	23.864058083123414	25.507417967153028	7.603219598545443E-4
54.0	26.111638225429836	24.515638796279564	23.988317501022443	25.383417058720347	9.884185478109078E-4
55.0	26.19175335033971	24.195718125231565	23.750785317544285	25.859690337592834	0.0020528692916072697
56.0	25.628073458962348	24.6529149261313	24.175493561099433	25.54243839662393	0.001079657182993453
57.0	25.90703558603298	24.56586566494755	24.178405594205678	25.348525883982624	1.6727083116799976E-4
58.0	26.012005635810496	24.49485159389714	23.7188365887912	25.774176926767993	1.2925473317527253E-4
59.0	25.926644289377627	24.757573243905277	23.916543108012174	25.398600688258643	6.386704462778173E-4
60.0	26.319525455693267	24.55129789619674	24.170194117039248	24.957621554762607	0.0013609763081396343
61.0	27.01809670885225	23.70261858000145	23.59954900598611	25.679522814331595	2.1289082859467495E-4
62.0	26.601593073577273	24.356947202541082	24.15912457442436	24.881696472358282	6.38677099000881E-4
63.0	26.35046077243223	24.97391068707218	24.721172250140796	23.953908842476967	5.474478778297068E-4
64.0	23.969952018397294	25.69783109894925	24.67872293492932	25.65284002987036	6.539178537746914E-4
65.0	25.46203168312856	23.4141477497581	21.40068216156333	29.722758176372192	3.802291778137187E-4
66.0	30.39461220642794	22.489871684938173	23.76397896103331	23.351111220635186	4.2592696539054385E-4
67.0	29.153707062896565	22.746520040180478	24.022434302758864	24.075923574321862	0.0014150198422298523
68.0	32.65508858981508	22.011342351819916	21.04974556689422	24.28304721230923	7.762791615545766E-4
69.0	25.109961793007308	24.56695619756894	21.902700317165706	28.420206563549865	1.7512870817907415E-4
70.0	24.979697861497915	26.138263069832725	21.64980417344135	27.23202148936107	2.134058669388506E-4
71.0	23.858508576773353	25.255630339114678	25.331321218722376	25.55436433703398	1.755283556137326E-4
72.0	25.291563521087717	23.461148995499283	31.465368236405922	19.77651447218284	0.005404774824237793
73.0	33.91633716087752	22.083368436385094	24.900430772307256	18.851534612843427	0.24832901758670609
74.0	15.877241933212686	31.22213461547883	35.749533110844865	17.016669566697466	0.1344207737661475
