# Position (bp)	A	C	G	T	N
0.0	17.97351393543677	34.59175395856155	30.65967073323579	16.666389758639973	0.1086716141259226
1.0	19.70001056217699	24.71355801019919	22.346772483624296	33.01345363196433	0.22620531203519928
2.0	20.585191722921206	31.00119327256913	23.6413638087027	24.76793102195194	0.004320173855025259
3.0	25.97874087722995	25.085907718240385	25.107645697642404	23.82757372629803	1.3198058922656426E-4
4.0	27.147320141215857	21.984155013579727	25.718620453502012	25.149602800437293	3.01591265112719E-4
5.0	28.114216622517713	22.384678662015485	24.042980439960644	25.458062460274057	6.181523210769697E-5
6.0	24.30148278132016	21.421238463127374	21.780125209212898	32.49641225220217	7.41294137405818E-4
7.0	24.221242894788574	24.308874511046994	22.262142948823183	29.205887294812623	0.0018523505286261093
8.0	23.621955383235438	23.943674469295832	22.224171754289518	30.20933422065334	8.641725258721294E-4
9.0	29.51036997803148	21.692236436764247	23.17439802565653	25.62242470817538	5.708513723652702E-4
10.0	25.73148628702552	24.747447986166822	25.221642703177523	24.298250667992047	0.0011723556380935061
11.0	24.310574776878248	24.727892916674346	24.56869348881127	26.391350323809103	0.0014884938270310016
12.0	25.139476655793164	24.190336682788494	24.045781628397574	26.623171101698613	0.0012339313221589542
13.0	25.78309017998456	23.74962954200016	23.433682754691368	27.032641253909812	9.562694141006706E-4
14.0	25.305851438133924	24.254131056328117	24.168508154148984	26.26977422097464	0.0017351304143298637
15.0	25.630613869861364	24.029682297621136	24.48106297945027	25.857237325354305	0.001403527712924601
16.0	25.904972690975203	23.938823157436097	24.06804795900465	26.08770891452169	4.4727806236058714E-4
17.0	25.620449861478754	24.353442209553627	24.257971478311834	25.76768917259342	4.4727806236058714E-4
18.0	25.5910683197961	24.3430699855213	24.371055711181757	25.69337160902499	0.0014343744758460206
19.0	25.839137987210158	24.01499923847054	23.869572174677504	26.27321363504038	0.0030769646014116247
20.0	25.523328828420667	24.251709585438785	24.15158870468659	26.07200791219469	0.001364969259272826
21.0	25.76645530207656	24.09955792732888	24.23249976382947	25.899798146495133	0.001688860269947734
22.0	25.88715868538808	23.79894079927819	23.92000663205403	26.39346974028954	4.2414299016952224E-4
23.0	25.623010142801235	24.269785788510738	24.005112850954223	26.100009061236605	0.0020821564971958365
24.0	25.83520502493768	24.102187613867933	24.283551156464423	25.777066588521535	0.001989616208431577
25.0	26.1534587896887	23.952102688873765	23.698819918525988	26.19390660756941	0.0017119953421387989
26.0	25.55370517820753	24.484826284526683	24.04912346995236	25.911103485105833	0.0012415822075871469
27.0	25.848723618787993	24.23769744338173	24.203873967838394	25.70880270217643	9.022678154515292E-4
28.0	26.022097849787833	24.03035321471468	23.666122349829283	26.28121065832776	2.159273404499386E-4
29.0	25.511491383149572	24.443468487139793	24.079222198872937	25.965239554032927	5.783768047766212E-4
30.0	25.77607949210805	24.537157817822873	24.153508915678444	25.531665166100183	0.00158860829045312
31.0	26.226102916368642	24.055115453649847	23.607698580856113	26.11071288797034	3.701611550570376E-4
32.0	25.716815148845274	24.48885178708793	24.044473320441956	25.748972899190854	8.868444339908192E-4
33.0	25.939305138106743	24.242347592892134	24.309292780122345	25.50651734262849	0.0025371462502867784
34.0	26.045263768741815	24.1838312836302	23.9703022789974	25.79924541106203	0.001357257568542471
35.0	25.80541476364632	24.50033449458543	24.156084620382384	25.537888500519575	2.776208662927782E-4
36.0	25.74066740827426	24.3310783064356	24.228250622237045	25.69917080045422	8.328625988783346E-4
37.0	26.10328652979701	24.022988550067186	23.78053299350483	26.093161079868054	3.08467629214198E-5
38.0	25.770156913627133	24.463125586811465	24.05691998928075	25.70914201656857	6.554937120801707E-4
39.0	25.72359372499725	24.33609090541033	24.200002699091755	25.740281823737742	3.08467629214198E-5
40.0	25.94751808873457	24.171299786193373	23.918942418733238	25.9609904124405	0.0012492938983175018
41.0	25.553975087383098	24.44103930455973	24.080494627843446	25.922192896376085	0.002298083837645775
42.0	25.81304933746937	24.332073114539813	24.26700957984781	25.587412978389917	4.549897530909421E-4
43.0	26.3145020272107	23.797452442967227	23.74711052587947	26.14071136491142	2.2363903118029357E-4
44.0	25.617519419001223	24.468454365106144	24.227425471328896	25.68488103753087	0.0017197070328691538
45.0	25.92626466908171	24.27571607868238	24.327091362328005	25.470272396195824	6.554937120801707E-4
46.0	26.351302215375956	23.9382910507757	23.796712120657112	25.913671478119042	2.313507219106485E-5
47.0	25.74542552145489	24.406853379552064	24.029420100136303	25.818085071516293	2.159273404499386E-4
48.0	25.922038662561476	24.338157638526063	24.200627346040914	25.538104427860027	0.001071925011519338
49.0	26.31810338678178	23.98891830042048	23.609780737353308	26.08208709197926	0.0011104834651711128
50.0	25.78743881255386	24.55234213687094	23.758893989315453	25.900314829774068	0.0010102314856764985
51.0	26.223797120840263	24.308544746121502	23.817757324660253	25.6487363430777	0.0011644653002835974
52.0	26.5023973718558	24.08106529295749	23.55765741970684	25.858748816737453	1.3109874241603415E-4
53.0	26.1373027976086	24.54449163570744	23.677450823512174	25.640029844243127	7.248989286533652E-4
54.0	26.17862203654185	24.43210145500325	23.914539043326204	25.473974007746392	7.634573823051401E-4
55.0	26.31841185441099	24.148133867239387	23.640619788584	25.890968260608876	0.0018662291567458978
56.0	25.748248000262198	24.637340392100914	24.049115758261628	25.564270194508122	0.0010256548671372084
57.0	25.915036447378313	24.510629601710455	24.118058273391004	25.45609830863343	1.7736888679816386E-4
58.0	26.054301870277797	24.4481957535575	23.60003316027014	25.89739209898726	7.71169073035495E-5
59.0	25.992515804146187	24.684474245844847	23.76803234283092	25.5543066900845	6.709170935408806E-4
60.0	26.355574492040574	24.45519025704993	24.035080481132383	25.152789800517837	0.001364969259272826
61.0	27.152188211574686	23.66114741573772	23.38665652215858	25.799768787268324	2.3906326068869188E-4
62.0	26.74266261222657	24.28001517368884	23.873812839689236	25.102915567706567	5.938066887773544E-4
63.0	26.561607103608946	24.82613078037747	24.476194442323663	24.135373600381897	6.940733080227934E-4
64.0	24.133103490506567	25.607521265114475	24.454823807303445	25.803872767311436	6.786697640743383E-4
65.0	25.61814026453717	23.2517954603986	21.250315945342017	29.879378103871336	3.702258508812031E-4
66.0	30.54736500244347	22.343396894494028	23.688514441563193	23.420337951439876	3.85710059434063E-4
67.0	29.489731088735915	22.46131344102623	23.979192891213135	24.068126800032037	0.0016357789926780373
68.0	33.00200920234744	21.784979070487264	20.98108200525032	24.231173280001606	7.564419133657882E-4
69.0	25.40770998969981	24.20940379842027	21.91283560365296	28.47000427359734	4.633462962182139E-5
70.0	24.95221519214838	26.126484281896005	21.61775663129917	27.30331972521774	2.241694387021424E-4
71.0	23.738171781472612	25.504849322882745	24.92822475811436	25.828568376787803	1.8576074248568772E-4
72.0	24.92590319257634	23.922843028736512	31.06437275712226	20.081748573788126	0.0051324477767624
73.0	33.74560837736425	22.495641220695926	24.55794439530109	18.954332442080002	0.2464735645587295
74.0	15.699586010463271	31.886256172831857	35.28391207435224	17.008506696767242	0.12173904558539796
