# Position (bp)	A	C	G	T	N
0.0	22.82437603667097	29.551401623497664	28.421873034913137	17.95917224677874	1.243177058139484
1.0	25.71079561413271	21.470579818439084	24.903501380520094	27.900051405162774	0.015071781745337763
2.0	25.80539069699947	23.785637805640793	22.920326653349367	27.488644844010373	0.0
3.0	29.840770309899234	22.07549140733512	23.718974211728128	24.364352981615763	4.1108942175213274E-4
4.0	29.920816598689743	21.553519358164237	24.92725928738517	23.598141660012097	2.63095748751558E-4
5.0	30.612835638257994	22.37794119332463	23.35030680632797	23.658664015343522	2.523467458783102E-4
6.0	23.085842479391815	23.822252110729917	22.26877590799477	30.82245701046039	6.724914231074358E-4
7.0	24.677667631368156	26.415128026078342	22.73438418126208	26.17220052866216	6.196326292661313E-4
8.0	24.223689335064755	25.309981534533783	22.748436104133052	27.717893026268413	0.0
9.0	30.28699752240207	22.145399568288425	23.16154215568651	24.40500078500646	0.0010599686165331597
10.0	25.45260302414208	26.000023293140075	25.240687911479355	23.306591339589534	9.44316489560109E-5
11.0	24.351006784774093	25.6329004368969	24.35588497377213	25.66007142507952	1.363794773644687E-4
12.0	25.762630047277714	24.36563403659701	23.59579778833615	26.275654914650048	2.83213139075693E-4
13.0	25.888023161516845	24.215999771774648	23.848280066067883	26.04715160917751	5.453914631132875E-4
14.0	26.0359605553313	24.245127123154525	23.933757169820165	25.78407495279898	0.001080198895029942
15.0	25.80597257700114	24.214881554093687	24.068970804321342	25.77598919213812	0.1341858724457098
16.0	25.746456764095367	24.459478435926535	24.06638042444685	25.56864344113194	0.15904093439931136
17.0	26.085953838172156	24.302136455129116	23.880565239765875	25.731155694310427	1.8877262243241705E-4
18.0	25.98723624400791	24.358537519764756	23.935812693931098	25.718182820202152	2.307220940840653E-4
19.0	25.898303364106418	24.384168646943913	24.102509406906833	25.614357877864325	6.607041785134597E-4
20.0	26.09605317347229	24.24409936109906	23.966309959821842	25.692960700371597	5.768052352101632E-4
21.0	26.386574239395777	24.214304748858474	23.733794525824674	25.66479163015752	5.348557635585149E-4
22.0	26.018362751973434	24.2423479706576	23.963037901033015	25.776104553185164	1.468231507807688E-4
23.0	26.18610820174046	24.28364722549865	23.6597432209916	25.86916945604435	0.0013318957249398313
24.0	26.11097669801236	24.297228366945873	23.848505356056105	25.742104506411508	0.0011850725741590624
25.0	25.97380192571147	24.478062051868214	23.847288821378207	25.70005016108073	7.970399613813164E-4
26.0	26.04567185801866	24.4239577208055	23.67804367799963	25.85225333160082	7.34115753903844E-5
27.0	26.103719439416622	24.390628865578268	23.62495662162447	25.879740722900564	9.543504800749973E-4
28.0	25.965674215578964	24.488287235583304	23.660886344094106	25.885078793168237	7.34115753903844E-5
29.0	26.005903758892895	24.245368332616522	23.93301256669835	25.815348283915284	3.67057876951922E-4
30.0	26.35188202633986	24.13646750420884	23.680046765270998	25.831362494718302	2.4120946199697734E-4
31.0	26.0959797618969	24.228242460814737	23.829638581180777	25.84575116349481	3.8803261277774615E-4
32.0	26.116776212468203	24.234346108940052	23.772660711309925	25.875713573622004	5.033936598197788E-4
33.0	26.248193419784904	24.39247464233094	23.727260895614926	25.630455987610645	0.0016150546585884569
34.0	26.006826647269232	24.51996957404821	23.927779370109807	25.54257184450044	0.0028525640723120796
35.0	26.05105187775798	24.419437665235037	23.628050395158777	25.901061541867517	3.985199806906582E-4
36.0	26.177896592664652	24.171820421443268	23.61025333181057	26.039987704609857	4.194947165164823E-5
37.0	26.025661960040818	24.332717619963166	23.782351039261453	25.857570427132664	0.0016989536018917535
38.0	26.035048154322876	24.29138690301838	23.566636368660767	26.106876137158412	5.243683956456029E-5
39.0	26.104589890953395	24.203387398861135	23.740821062326322	25.950519968944807	6.816789143392838E-4
40.0	25.806633281179653	24.46571841983472	23.819098776428298	25.905665496381282	0.002884026176050816
41.0	25.845426055089515	24.393145833877366	23.65607264222208	26.10395016151071	0.0014053073003302157
42.0	26.144274091135856	24.37742526937591	23.568891152762042	25.908853656226803	5.55830499384339E-4
43.0	25.98071310116608	24.38593052475328	23.68603505234927	25.94703816279772	2.831589336486256E-4
44.0	25.912440336053024	24.48944084605372	23.611228657026466	25.98669090087644	1.992599903453291E-4
45.0	26.006690311486363	24.55734655328983	23.627096044678705	25.808468570564415	3.985199806906582E-4
46.0	26.064265961328246	24.315140791341125	23.791118478836648	25.829401356918584	7.34115753903844E-5
47.0	25.98111162114677	24.262557128625783	23.779571886764533	25.975867937190316	8.914262725975249E-4
48.0	26.025924144238644	24.33730059974111	23.67414237713603	25.962528005205087	1.0487367912912059E-4
49.0	25.788668419944834	24.42784853430119	23.91283487083391	25.869903571798254	7.44603121816756E-4
50.0	25.77506630376179	24.537084958482083	23.654394663356015	26.032153640778915	0.001300433621201095
51.0	26.007015419891665	24.30029067837644	23.780987681432777	25.910437248781655	0.001268971517462359
52.0	25.895419337930363	24.658602090488994	23.631196605532654	25.81462465552929	1.5731051869368086E-4
53.0	25.790891741942374	24.44207989255901	23.630913446599006	26.13569542418309	4.1949471651648234E-4
54.0	25.883746897443295	24.607109114036597	23.617625951453345	25.89092025709573	5.977799710359873E-4
55.0	25.75833895194069	24.743843416885145	23.78867492211294	25.708639315401406	5.033936598197788E-4
56.0	25.732151994262153	24.667212219545494	23.765361503242538	25.835106485063207	1.6779788660659293E-4
57.0	25.8642613678611	24.52550690430623	23.632224367588115	25.97794443603707	6.292420747747235E-5
58.0	25.686427070161855	24.693650874053947	23.870518341305306	25.615521975702656	0.13388173877623533
59.0	25.9093360751508	24.634470656921383	23.50967947352574	25.791384648234278	0.15512914616779516
60.0	25.917767918952784	24.6052423625481	23.55778503014227	25.918114002093905	0.001090686262942854
61.0	26.108143448737607	24.57754072836062	23.628857130811298	25.684965771375822	4.929207146469397E-4
62.0	26.32840166403853	24.24716834991586	23.665195364059556	25.759045836573712	1.887854123414268E-4
63.0	25.840816099633635	24.85906946936952	24.80623821995295	24.493760836069992	1.1537497390952296E-4
64.0	23.777730738351398	25.678883467699894	25.23164411676286	25.311594824665434	1.4685252041931848E-4
65.0	24.852328515009397	23.803255345639037	21.792168063217172	29.550989087612066	0.0012589885223262204
66.0	27.622201788764738	23.388152461204356	24.660149181963252	24.329496568067654	0.0
67.0	26.18123776433447	23.513505739162277	25.571848079961097	24.73269453815848	7.138783836785565E-4
68.0	30.040848702669532	23.12019135481338	23.24244021711331	23.595858012342106	6.617130616801652E-4
69.0	24.073421704499236	24.049596591548024	22.09261631689187	29.784113158251508	2.5222880936441496E-4
70.0	24.036164277023783	25.345873610203366	21.479935879657784	29.137815809308897	2.104238061710569E-4
71.0	24.67962797553035	24.327979776725048	21.84897219320768	29.14291428299877	5.057715381492408E-4
72.0	27.313030630974517	23.656192297477208	23.286695584871612	25.744081486676667	0.0
73.0	27.803568965513588	25.349918417168055	21.29836306765008	25.5359031201487	0.012246429519573417
74.0	19.281834231449242	28.562799783781173	27.98023984732617	23.110443948453245	1.0646821889901708
