# Position (bp)	A	C	G	T	N
0.0	18.14395661834009	34.248302496413466	30.066580428813232	17.43469247720585	0.10646797922736152
1.0	19.796826093413287	24.895465825933023	22.72009643142525	32.36886112466009	0.218750524568352
2.0	20.809323516899646	30.82317427071115	23.84375961443524	24.519422442103746	0.004320155850219004
3.0	25.704124203285662	25.256883077282527	25.20627352522459	23.832600392441833	1.1880176539423375E-4
4.0	27.0243499409489	22.021200969681214	25.76896584691393	25.185262372727763	2.208697281945572E-4
5.0	28.210568578131817	22.398325870311698	24.137432043259015	25.253571046591937	1.0246170552868389E-4
6.0	24.63033940625566	21.281244830927008	21.74785951148814	32.33972919965027	8.270516789149082E-4
7.0	24.563027126711013	24.05209009994756	22.39141485971906	28.991940566351392	0.001527347270980772
8.0	23.92365213706454	23.720210632164097	22.258427380166438	30.096875557834906	8.34292770018855E-4
9.0	29.674091899900795	21.623433397441786	23.065649272557547	25.636431981893825	3.934482060453632E-4
10.0	26.038738926711186	24.53269454512382	24.97073243497644	24.45683490481275	9.991883758043467E-4
11.0	24.57132571472987	24.513832956001046	24.489185335161228	26.423878029757457	0.0017779643503986968
12.0	25.29021174670321	24.100336701872955	23.94998080136163	26.658306481068557	0.0011642689936522954
13.0	25.971616078636917	23.59395468776955	23.41544895819346	27.017792439811938	0.0011878355881363388
14.0	25.531091284409367	24.098119046948547	24.118925179573836	26.25000806286803	0.0018564262002149364
15.0	25.793146294722764	23.949416161826246	24.37913949611244	25.87670120615786	0.0015968411806933562
16.0	26.082276809193527	23.871194542610407	23.955418082126094	26.090520600116513	5.899659534581366E-4
17.0	25.807667323390543	24.22437176098859	24.138276062847265	25.829244344861685	4.405079119154086E-4
18.0	25.80629073616581	24.285563029681263	24.20745940365612	25.699184383868662	0.0015024466281400545
19.0	26.022021619813668	23.907324057600185	23.75008633168452	26.316925934415607	0.0036420564860148966
20.0	25.68453749579748	24.161001551374472	24.028141218655698	26.125037541500173	0.00128219267218235
21.0	25.913444285739235	24.00470777098434	24.083173242794274	25.996739612154805	0.0019350883273426879
22.0	26.077226700631922	23.772111727280294	23.83037676484382	26.319883630395612	4.0117684835153284E-4
23.0	25.84411148688883	24.171620938536716	23.897404763369376	26.08466813785821	0.002194673346864268
24.0	26.049907343880456	23.994104116247524	24.156494211490052	25.797433380651224	0.0020609477307470905
25.0	26.32682163000828	23.862919286836572	23.639943621280246	26.168482634312827	0.001832827562076611
26.0	25.74767958524292	24.418360432698336	23.924613993142867	25.90835484611407	9.911428018096694E-4
27.0	25.988936329143737	24.160450916484578	24.081072963999965	25.768595844846192	9.439455255330184E-4
28.0	26.192458850661364	23.966894886474034	23.56799137359649	26.272489698801145	1.6519046696827824E-4
29.0	25.688895377640353	24.345708092083147	24.01805673395792	25.946867823555813	4.719727627665092E-4
30.0	25.958667142624975	24.40518452640444	24.048231525924127	25.58609970990981	0.0018170951366510606
31.0	26.339981803876753	24.028503064440486	23.525946466646708	26.105128157124135	4.405079119154086E-4
32.0	25.9442719733606	24.41381376175035	23.935359239708514	25.705823467398247	7.315577822880893E-4
33.0	26.076503009062353	24.186613939967266	24.171731065514695	25.562414543431643	0.0027374420240457538
34.0	26.197099916161903	24.137937815700614	23.829826129953922	25.833617959129988	0.0015181790535656048
35.0	25.973471354950423	24.414041881919022	24.053438958739985	25.55878035315834	2.674512322343552E-4
36.0	25.870148650968115	24.253327289984313	24.074166429238147	25.801335022156763	0.00102260765266077
37.0	26.200757705073347	23.991437470137893	23.668324916747938	26.139456309402686	2.3598638138325463E-5
38.0	25.959304305854715	24.395768669787245	23.896979987882887	25.74739640158526	5.506348898942609E-4
39.0	25.89804224124762	24.241551569553287	24.04097887780295	25.819395846545294	3.146485085110062E-5
40.0	26.09054419875465	24.109997028144836	23.804150811659426	25.994080832257893	0.0012271291831929241
41.0	25.69109791719993	24.340689448372395	23.99426930671449	25.971748654366323	0.002194673346864268
42.0	25.91810894987791	24.279899356528066	24.17513713561933	25.62633538793565	5.191700390431602E-4
43.0	26.422136529448974	23.745358737844143	23.638449040864817	26.19388263516238	1.730566796810534E-4
44.0	25.860166427035608	24.345283316596657	24.098622484562167	25.694181472583338	0.0017462992222360843
45.0	26.030123818907825	24.23415732960328	24.205917625964418	25.529187660932877	6.135645915964621E-4
46.0	26.48614390229283	23.87491526122355	23.672195093402625	25.966714278230146	3.146485085110062E-5
47.0	25.88715540285314	24.341680591174203	23.937546046842666	25.83344490245031	1.730566796810534E-4
48.0	26.06364175127696	24.262341969753155	24.07289996899139	25.60025102658009	8.652833984052669E-4
49.0	26.411359818032476	24.052392752449183	23.46532156526935	26.06977739719293	0.0011484670560651725
50.0	25.904579064011934	24.53266436962767	23.626217080096453	25.93561913937655	9.203468873946932E-4
51.0	26.321850183573808	24.280033082144183	23.632769635286195	25.76406490632363	0.00128219267218235
52.0	26.57892588124001	24.10430189014079	23.39898579346252	25.91771563924227	7.079591441497639E-5
53.0	26.336929713344198	24.465007074085094	23.542276724238427	25.655070662975422	7.158253568625391E-4
54.0	26.360866598629173	24.342026704533566	23.732292958528227	25.563924856272497	8.888820365435924E-4
55.0	26.46508605086073	24.06175354557739	23.51765547844744	25.95342824495827	0.002076680156172641
56.0	25.920413750202755	24.51843439083026	23.93392758899479	25.626083669128846	0.0011406008433523973
57.0	26.07415101146123	24.45935913335732	23.947347347882786	25.51895371819356	1.887891051066037E-4
58.0	26.272049190889224	24.37605594072903	23.430128129592394	25.921577949684245	1.887891051066037E-4
59.0	26.197131381012756	24.604443560631744	23.600337240271422	25.59753718319418	5.506348898942609E-4
60.0	26.50931776494466	24.434242316165427	23.818522382285668	25.236462287252376	0.0014552493518634037
61.0	27.281017584292172	23.65664325592236	23.250878522378574	25.811185318684178	2.753187227193561E-4
62.0	26.958824248024115	24.284075504493288	23.740803179004075	25.01558909880889	7.079696696353933E-4
63.0	26.66610185504432	24.832650957509095	24.262930665912116	24.237506276449487	8.102450849785832E-4
64.0	24.275410488098554	25.5257823861229	24.2421501000093	25.95586248953533	7.94536233920278E-4
65.0	25.75111655331196	23.12014340220214	21.041082112614536	30.08733536503237	3.2256683899603355E-4
66.0	30.678114844838756	22.38949284300018	23.414448332317892	23.517519075641367	4.249042018068343E-4
67.0	29.465926438421143	22.617765808440637	23.66742112946536	24.247485729571874	0.0014008941009844742
68.0	33.136029175286566	21.78735160756714	20.69257766809175	24.383309364117853	7.321849366884409E-4
69.0	25.266645757289393	24.37880324743318	21.795497468584344	28.559014144390332	3.938230275885633E-5
70.0	25.00800220750552	26.35010249132766	21.570403658152003	27.07129454430779	1.9709870703248187E-4
71.0	23.711668665450343	25.761274497730607	25.116722020028252	25.410200617254713	1.3419953608009787E-4
72.0	24.6848099402002	24.287288600808708	31.050686778014818	19.97220909100542	0.005005589970853707
73.0	33.35828488232933	22.93060650295557	24.805770461919074	18.656367862958074	0.24897028983795907
74.0	16.27345176849348	31.591930474348228	35.23544461290408	16.780570542572747	0.11860260168146206
