# Position (bp)	A	C	G	T	N
0.0	17.99991185288548	36.218043031654354	28.40166290836686	17.2488341841337	0.13154802295961265
1.0	19.68650442651053	24.527418142822476	21.562468200355372	34.00373181060327	0.21987741970834343
2.0	20.577493043898535	31.448264395031373	23.22788494594608	24.742443051824555	0.003914563299457503
3.0	25.724174882436092	25.621105416644763	24.659914648914206	23.994660372799732	1.4467920520960884E-4
4.0	27.130814240268826	21.850582131260435	25.498687307287867	25.51963775041231	2.785707705680567E-4
5.0	28.132855136384606	22.270239630188218	24.297077167036274	25.29975128460723	7.678178367538658E-5
6.0	24.60057784390733	21.277519784914617	21.891878178772124	32.22941034235664	6.13850049285445E-4
7.0	24.544623101318006	23.973072365620673	22.28605913955816	29.194673144842447	0.0015722486607125737
8.0	23.799358789067444	23.683976473853576	22.206318032341933	30.30931162789984	0.0010350768372038817
9.0	29.562566852195932	21.66351787214377	23.12776721259293	25.64570729251996	4.407705474053994E-4
10.0	26.012066623951146	24.623684428352888	24.899569344766377	24.463405418331092	0.001274184598499643
11.0	24.479459645046237	24.61705251041119	24.42304494170193	26.478766459796788	0.001676443043853451
12.0	25.303643026613454	24.18009294170299	23.872388313623073	26.642793262952676	0.001082455107808697
13.0	25.970624826860583	23.67068203231476	23.303406157575164	27.05411835206911	0.001168631180382629
14.0	25.406222233801785	24.16357051804949	24.08080114545685	26.347317950484356	0.0020881522075217158
15.0	25.691216695409093	23.998913011410504	24.30387902050719	26.004468262576903	0.0015230100963117101
16.0	26.050436347181932	23.88016611729745	23.886085741445378	26.182756230643882	5.555634313589887E-4
17.0	25.670239386535364	24.247633012422014	24.1547102391873	25.927034214661283	3.831471940406818E-4
18.0	25.759704256343863	24.327614989178006	24.222852967647434	25.688486771651554	0.0013410151791423863
19.0	26.009956846131537	23.96155615999154	23.699368535109503	26.32552645382329	0.0035920049441313918
20.0	25.65249009277143	24.18583137002325	24.082841404265118	26.077620640599118	0.0012164923410791647
21.0	25.87616184597253	24.063789410041444	24.10350261670376	25.954860279628484	0.001685847653779
22.0	26.067045778043596	23.708554489086627	23.7746761160982	26.449302154858135	4.2146191344475E-4
23.0	25.727625257522806	24.222632658010863	23.931670678856367	26.11614609095991	0.001925314650054426
24.0	25.947513432182756	24.058712709720407	24.173685603972164	25.81783726435969	0.0022509897649890054
25.0	26.309961099065386	23.809801135111876	23.56956784444837	26.309003231080286	0.0016666902940769659
26.0	25.690115147226223	24.41146675259381	23.949362500541195	25.94812646769322	9.291319455486533E-4
27.0	25.971191928774466	24.159279269476233	24.06393309023921	25.80461868616528	9.770253448037386E-4
28.0	26.175830845111598	23.872780955132313	23.542402708390885	26.408822653807736	1.6283755746728976E-4
29.0	25.632240763566376	24.337107460910364	24.02375052826419	26.00642231326651	4.789339925508523E-4
30.0	25.924764067536586	24.42585392973004	24.04839647152086	25.599405049037095	0.0015804821754178125
31.0	26.354751006048744	23.941575033822318	23.490668258515544	26.212498031581287	5.076700321039034E-4
32.0	25.822779863162808	24.397539352090433	24.00647058981296	25.77256842338378	6.41771550018142E-4
33.0	26.036566418757662	24.17006486298848	24.177191400797636	25.61352402313749	0.0026532943187317216
34.0	26.237871954506637	23.999842143356055	23.79982015070712	25.961182208330158	0.001283543100036284
35.0	25.89226360680209	24.38998177368798	24.076979252196296	25.640535900317364	2.3946699627542614E-4
36.0	25.835835603799744	24.24579390589062	24.138215752483845	25.77923518456009	9.195532656976363E-4
37.0	26.23153086844526	23.942848998242503	23.64008608551156	26.185514890440974	1.9157359702034088E-5
38.0	25.897215784285066	24.375613753911455	23.965617520248372	25.761112322281964	4.406192731467841E-4
39.0	25.841036826958852	24.21566895775917	24.122449245449072	25.8207874977538	5.747207910610227E-5
40.0	26.12210402982724	24.07569570909626	23.76472386773299	26.036212007603172	0.00126438574033425
41.0	25.63261433208057	24.28743242720299	24.046289161953638	26.031796236191855	0.001867842570948324
42.0	25.874361054160538	24.287451584562696	24.204184120617803	25.633543464026122	4.597766328488182E-4
43.0	26.460547525003232	23.672567388886357	23.62831388797466	26.238465832657397	1.053654783611875E-4
44.0	25.74174423162321	24.3105840964029	24.185007603556066	25.761141058321517	0.0015230100963117101
45.0	26.019363109745235	24.210237846283643	24.203532770387934	25.56644481166974	4.2146191344475E-4
46.0	26.485183889580043	23.81340271873586	23.6602970999972	26.041106713007046	9.578679851017044E-6
47.0	25.83188918770113	24.31822788292401	23.953280180600263	25.89641117517758	1.915735970203409E-4
48.0	26.04173890587721	24.21133939446651	24.13578276780169	25.6102576933083	8.812385462935682E-4
49.0	26.48977207722868	23.901967192638363	23.47746883768084	26.129853181826718	9.387106253996704E-4
50.0	25.89762766751866	24.436352162846752	23.737415051477743	25.927666407531447	9.387106253996704E-4
51.0	26.258111705031833	24.195208897597396	23.80540452106026	25.740345744364955	9.291319455486533E-4
52.0	26.618634057264412	23.968663540440996	23.443493260249284	25.96918998468561	1.9157359702034088E-5
53.0	26.167133403806876	24.462291227883306	23.64622601929606	25.723592633305532	7.567157082303466E-4
54.0	26.285985663398293	24.326072821721993	23.784235638589514	25.60293000322227	7.758730679323806E-4
55.0	26.447807880801378	24.005273254831582	23.553236195302386	25.991958506691475	0.001724162373183068
56.0	25.84803884192994	24.430595376256292	24.045455816806598	25.67499999042132	9.099745858466193E-4
57.0	26.043702535246666	24.412079788104275	24.01803205639314	25.526051518738008	1.3410151791423862E-4
58.0	26.25920367453485	24.251292068125103	23.491626126500645	25.997686557242382	1.915735970203409E-4
59.0	26.117075222905463	24.515692368052726	23.72259683374822	25.643984225063726	6.513502298691591E-4
60.0	26.51610386813913	24.318840918434475	23.95249472885248	25.21133441355299	0.0012260710209301817
61.0	27.289401218643565	23.51611198830936	23.327765540425855	25.866472205800033	2.4904682118553185E-4
62.0	26.828467410933616	24.138364723244788	23.906701266596123	25.125958922433977	5.076767914980038E-4
63.0	26.662737383043467	24.716554200262426	24.3463183608661	24.27379616117994	5.938946480704842E-4
64.0	24.365689184730943	25.34015045591599	24.287024183069896	26.00653268199376	6.034942894113382E-4
65.0	25.685829400209137	23.210626884031555	21.157581560932567	29.94558852199955	3.7363282718859024E-4
66.0	30.732186171876837	22.280355886105333	23.40058937467931	23.58647571476412	3.9285257440603805E-4
67.0	29.617063951866896	22.471259047048388	23.609463463236672	24.301149714789997	0.0010638230580485115
68.0	32.90845971985877	21.873391395921033	20.74977380671718	24.467742301974095	6.327755289212453E-4
69.0	25.266976556979152	24.485248363569845	21.73672484136419	28.510983091668578	6.714641823259309E-5
70.0	25.30832066597514	25.98470046222775	21.443472952249653	27.26331388076485	1.920387826162269E-4
71.0	23.87258929494314	25.07464982728739	25.524399712506217	25.528197707261143	1.6345800211053127E-4
72.0	24.881833419344186	23.416302898721476	31.754612723331586	19.942838828249926	0.0044121303528268895
73.0	34.958267119210305	21.652270967827228	24.398998690817017	18.743042413718154	0.24742080842729677
74.0	16.224940362591855	29.471162364032537	37.29400283654266	16.862530060211547	0.14736437662139903
