# Position (bp)	A	C	G	T	N
0.0	17.335594475149758	31.149475618741796	33.69804527600426	17.711551936792358	0.10533269331182539
1.0	18.644946083058798	26.138704842317356	24.858255581206475	30.14451147133899	0.21358202207837373
2.0	20.223375732695942	30.532712129429168	25.431406443853334	23.808439233988413	0.004066460033149469
3.0	24.110141603617063	25.350617899428435	27.0080196639533	23.53100645038319	2.1438261801324612E-4
4.0	25.534837061849142	22.179138820667117	27.031575228001852	25.25406989462097	3.78994860926864E-4
5.0	27.386187095985566	22.379643638622507	25.013192258612737	25.220928461209326	4.8545569872075625E-5
6.0	24.22327237334153	20.621275378652047	22.17818456580559	32.97642360286436	8.440793364721442E-4
7.0	24.70464235258298	23.208039491558786	22.97623699589551	29.10966548338083	0.0014156765818973752
8.0	24.277187778084382	22.9802901687729	22.671389636585843	30.07032793760577	8.0447895109902E-4
9.0	29.736358656645134	21.118167821587566	23.040688880850592	26.10421293787245	5.717030442605713E-4
10.0	26.252912750827406	23.711169821184008	25.092084728897774	24.94286392153212	9.687775586941149E-4
11.0	25.111691437637184	23.658736488220296	24.341172843159658	26.88670403776619	0.0016951932166698134
12.0	25.58215423752881	23.12166207516858	23.93391264795159	27.3610215422978	0.0012494970532210194
13.0	26.493432355361985	22.80620871916353	23.28468239192477	27.41440773228797	0.0012688012617502135
14.0	26.021939682048362	23.5129369665609	23.908550889676132	26.554557976403014	0.002014485311593421
15.0	26.006637341700678	23.45399390114572	24.22302366884651	26.314960129655375	0.001384958651720477
16.0	26.459576930966495	23.48126693305652	23.69733985277599	26.361177071515584	6.392116854094509E-4
17.0	26.302369596457915	23.934622978420407	23.82252849286088	25.940052791137198	4.261411236063006E-4
18.0	26.021126139903295	24.029061662426884	24.09292472081461	25.855405667948123	0.0014818089070855452
19.0	26.214749170429137	23.696381035247878	23.516617276264775	26.568552838303265	0.00369967975494561
20.0	26.1277485860347	23.969973321628657	23.684236013225096	26.216473104974636	0.0015689741369141067
21.0	26.166566168385014	23.673873035901032	23.970331667573507	26.187427713390655	0.0018014147497902705
22.0	26.258806351594703	23.551648013630317	23.813269608447975	26.3756658697182	6.101566087999304E-4
23.0	26.30768667547746	23.9513877576241	23.712545342868303	26.026239833386565	0.00214039064356801
24.0	26.16911333010112	23.965159863937014	24.054426744306998	25.80919841111345	0.0021016505414219824
25.0	26.41559723000522	23.831119110511757	23.339177923410432	26.412023455582244	0.002082280490348969
26.0	26.035924858923075	24.38550934227248	23.69620670478822	25.881041930543258	0.001317163472964929
27.0	26.320635554619763	23.87790746887862	23.950942246449422	25.849371897038882	0.0011428330133078062
28.0	26.486278546370645	24.041255109577346	23.40142358253356	26.07090717116094	1.3559035751109565E-4
29.0	26.21781932352421	24.2632940050273	23.77238911565838	25.745848659079158	6.488967109459577E-4
30.0	26.077764169240787	24.53051354460506	23.957227828022614	25.432751153534966	0.00174330459657123
31.0	26.37909436875812	24.319157232321874	23.322790860202662	25.9784151772873	5.423614300443826E-4
32.0	26.279396715885323	24.59665258399387	23.59812645118001	25.525117242076632	7.070068641649987E-4
33.0	26.22414364519955	24.14078811701603	23.851506089266106	25.78089876649578	0.0026633820225393785
34.0	26.393292616194643	24.351427737409516	23.498680608971164	25.754952583083472	0.0016464543412061615
35.0	26.35355495641835	24.45915427645208	23.81753101968404	25.369536991858187	2.2275558733965715E-4
36.0	26.080621251774055	24.203760153054397	23.653912198270294	26.06075726439868	9.491325025776695E-4
37.0	26.393476631679835	24.030427251027533	23.327546207741086	26.24848211437279	6.779517875554782E-5
38.0	26.413030698238043	24.41269520895346	23.46109302486398	25.712570911335717	6.101566087999304E-4
39.0	26.07400637933262	24.231110665169492	23.689126951121033	26.005736634325782	1.9370051073013666E-5
40.0	26.16129751449316	24.23502341548624	23.63936528991446	25.9632677973482	0.0010459827579427379
41.0	26.070171109220162	24.468171035226568	23.60426675737016	25.855241022514004	0.0021500756691045166
42.0	26.137520776801033	24.23091696465876	24.00525586965815	25.625696232273253	6.101566087999304E-4
43.0	26.642527063351107	23.775924149979204	23.412774432462346	26.16855159862	2.2275558733965715E-4
44.0	26.093860681682457	24.417586146849395	23.914855841300398	25.5720121357244	0.0016851944433521888
45.0	26.13375330186733	24.357306547910174	23.886469031452894	25.62191907231402	5.520464555808895E-4
46.0	26.593036582859558	24.067123812785358	23.4270889002053	25.912711964047634	3.874010214602733E-5
47.0	26.152300125769738	24.65410415547643	23.448124775670596	25.74531598267465	1.5496040858410933E-4
48.0	26.27036058705976	24.373722666194553	23.751062689426995	25.60414705045453	7.070068641649987E-4
49.0	26.755619106540895	24.09528786704552	23.13926931131139	26.008855212548536	9.685025536506831E-4
50.0	26.156948938027263	24.826129579055863	23.171317060811695	25.844800564985647	8.03857119530067E-4
51.0	26.73366315364964	24.309840237755758	23.123841065631737	25.831444914770806	0.001210628192063354
52.0	26.85697289878044	24.293017348398845	22.940532587302272	25.909409370339688	6.779517875554782E-5
53.0	26.867578001742913	24.64660794571117	22.85478137120204	25.630345044530777	6.876368130919851E-4
54.0	26.81058162646057	24.28442673074796	23.20814921292703	25.696038572744907	8.03857119530067E-4
55.0	26.821031769014464	24.03767165012884	23.037634653331292	26.1017249224181	0.0019370051073013662
56.0	26.430676814765558	24.617397908693068	23.274811243694806	25.676184270395062	9.297624515046559E-4
57.0	26.466366133867584	24.398206410750845	23.39114777043933	25.744144094584737	1.3559035751109565E-4
58.0	26.859723446032813	24.431861874490206	22.707249377204434	26.001010341863967	1.5496040858410933E-4
59.0	27.01864503006135	24.62202735089952	22.75167458934039	25.60704287308994	6.101566087999304E-4
60.0	27.136802341606735	24.56224168826266	22.848447364501165	25.45123986728416	0.001268738345282395
61.0	28.005718846557233	23.783226970160946	22.147310273866	26.06352115255562	2.227568602091261E-4
62.0	27.980201978252552	24.44394576618933	22.41148536300764	25.163795467963805	5.714245866760058E-4
63.0	27.414947696254544	25.058833602166107	23.01533325029768	24.510314016179553	5.714351021154527E-4
64.0	24.798252083051235	25.862417984064727	23.241617671643365	26.097005206441597	7.070547990714918E-4
65.0	26.35168502080812	23.238022762713044	20.174150427951172	30.23570588452961	4.359039980533496E-4
66.0	30.843065591597036	23.099264383887597	22.40890249734346	23.648350928646554	4.165985253574803E-4
67.0	29.597638883989706	23.610840310303484	22.488736516865472	24.301466355686124	0.0013179331552056227
68.0	34.01055011712819	22.601732060452747	19.72827888405041	23.65876029967521	6.786386934382522E-4
69.0	25.08601928585757	25.85867966410187	21.559170365909825	27.49611128420159	1.9399929151458737E-5
70.0	24.908763819419455	28.347639122431545	21.63027155592521	25.11309247201744	2.330302063463058E-4
71.0	23.298797714847446	28.321352348662497	25.15809436335388	23.221619473453657	1.360996825183263E-4
72.0	23.76470601980723	26.801871403515637	30.730214236601377	18.698281749200696	0.004926590875057956
73.0	30.900639033522275	26.024969770147344	26.00938716992752	16.81415452493833	0.25084950146452933
74.0	16.354712066699143	36.82642461972458	31.41086110086152	15.288226653195075	0.11977555951969243
