# Position (bp)	A	C	G	T	N
0.0	21.347183928609013	33.40926734221727	26.446861101981806	17.586775845962805	1.209911781229105
1.0	25.310720933589014	21.060533096895632	23.521680559790482	30.093867159561928	0.013198250162945697
2.0	25.57433235569388	24.790527967293034	22.87309434783904	26.76202533518424	1.9993989806664118E-5
3.0	29.70659616171405	22.45898791992133	23.778072612559065	24.0558544640184	4.888417871536968E-4
4.0	29.764424893111226	21.405134386201112	25.338703144251575	23.491558303870384	1.7927256571011806E-4
5.0	30.631915108499946	22.462924147798933	23.157063105938754	23.747828981179612	2.68656582757919E-4
6.0	22.626858856610962	23.944645541364252	22.36750166827636	31.060496757065653	4.971766827715452E-4
7.0	24.069984631048264	26.33961060353322	22.42165586169235	27.16791412070267	8.3478302349467E-4
8.0	23.817375913647894	25.157170979974097	22.826858521383894	28.19859458499411	0.0
9.0	29.993513524678395	22.095077905229935	23.196090558027542	24.714136305751712	0.001181706312416933
10.0	25.497478468172268	25.82513811910613	25.193476948015746	23.483876681074996	2.9783630856913776E-5
11.0	24.214124804392913	25.513824389628965	24.672603493705086	25.5992487893826	1.9852289043372786E-4
12.0	25.385850976257114	24.632073653355132	23.824730867542147	26.157155927008052	1.8857583755958252E-4
13.0	25.783975548715897	24.259392572400447	23.898365369175846	26.057690914507635	5.755952001711701E-4
14.0	26.026390379184445	24.136704986378703	24.12513434987561	25.710688638438743	0.0010816461225020796
15.0	25.650275229321384	24.18009983494477	24.307525686862654	25.726030151332214	0.13606909753897722
16.0	25.691784639692266	24.374012191640304	24.383667619871446	25.393617474161807	0.15691807463417787
17.0	26.062491558942817	24.375669392580285	24.099750397753034	25.46191003026327	1.7862046059667372E-4
18.0	25.80495062483918	24.34673287796362	24.24594132139249	25.602077475037042	2.9770076766112285E-4
19.0	25.760523746945218	24.335112624665918	24.374845753789756	25.528793469397797	7.244052013087323E-4
20.0	26.02453471106602	24.154259408311784	24.21633994172805	25.604359847589116	5.060913050239089E-4
21.0	26.138494564926702	24.15818905844491	23.96710485904216	25.735725272999044	4.86244587179834E-4
22.0	25.946467646426356	24.154894503282794	24.07752207376767	25.82092723270366	1.8854381951871114E-4
23.0	26.051427013744743	24.268020794994023	23.921447484641867	25.757894056830878	0.0012106497884885662
24.0	25.89662261456096	24.291826933047993	24.029185392458427	25.781263567092278	0.0011014928403461546
25.0	25.86414346080913	24.350394597405856	24.06962308006573	25.71480683239139	0.0010320293278918925
26.0	25.956410852066234	24.34040177497136	23.97694883109282	25.72614923163928	8.931023029833686E-5
27.0	25.863409132248904	24.239600295041306	24.000695428993257	25.895134110722655	0.0011610329938783791
28.0	25.8504393021378	24.361925540473262	23.95824329952478	25.829332317710623	5.9540153532224575E-5
29.0	25.91842423411268	24.27775561009654	24.132239474863784	25.671223440005804	3.5724092119334745E-4
30.0	26.00205830310761	24.198309198566708	23.989482033411356	25.81002146124834	1.2900366598648656E-4
31.0	25.92866514052022	24.27390534683479	24.072619934460185	25.72439279711008	4.1678107472557194E-4
32.0	26.07483621744183	24.173332104159943	24.044586445505427	25.706500980973644	7.442519191528071E-4
33.0	26.036760289257977	24.28344169475887	24.0179620735176	25.66034743862725	0.0014885038383056141
34.0	25.897208092737362	24.391636077085842	24.188822467437245	25.519465512011084	0.002867850728468817
35.0	26.04796376148095	24.34861831615881	23.92847322275867	25.674557688603606	3.870109979594597E-4
36.0	25.9631488127743	24.14580470651021	23.954948744362664	25.93602827284037	6.9463512454262E-5
37.0	25.8755652469284	24.33848656669941	24.027627425107667	25.756643713606703	0.0016770476578243253
38.0	25.922066106837065	24.295786353257885	23.91548354592972	25.86662430053964	3.9693435688149716E-5
39.0	25.82692094149257	24.21345224428174	23.990980460608583	25.967971565210412	6.747884066985451E-4
40.0	25.72087000469276	24.37073748319603	24.03063420286104	25.874721761420023	0.0030365478301434532
41.0	25.731686465917775	24.35992102197101	23.96705524224755	25.939799149230748	0.0015381206329158014
42.0	25.8915517781518	24.33527139840867	23.79878484500656	25.973836270333333	5.55708099634096E-4
43.0	25.765634276790067	24.308994343983116	24.037114156237134	25.887939675504178	3.1754748550519773E-4
44.0	25.84911949540117	24.37448851286856	23.972443626142216	25.803799515204222	1.4885038383056142E-4
45.0	25.76364960500566	24.414549112836827	23.98215859452689	25.83914651968452	4.961679461018715E-4
46.0	25.889180095369436	24.328037269754503	24.004724312715602	25.77801862872477	3.9693435688149716E-5
47.0	25.901633910816592	24.29323605001492	23.98752713170371	25.81683880882778	7.64098636996882E-4
48.0	25.842847932562442	24.31781621006481	23.945164312465536	25.894062387959078	1.091569481424117E-4
49.0	25.713804573140266	24.346494717349497	24.090402593648474	25.848672944249678	6.25171612088358E-4
50.0	25.791762480831792	24.396309979138124	23.982615069037305	25.82788350730801	0.0014289636847733898
51.0	25.905027699567928	24.190291124557703	23.989690423948716	25.913968645956682	0.0010221059689698552
52.0	25.844237202811527	24.467688699864336	23.897323799102395	25.79062129455576	1.2900366598648656E-4
53.0	25.78264291398244	24.328493744264918	23.904151070040754	25.984265720560394	4.4655115149168427E-4
54.0	25.686922193820465	24.519548173590906	23.86668046675114	25.926204147507555	6.450183299324329E-4
55.0	25.631569697753342	24.671861809685257	24.02936401291902	25.666718235055196	4.86244587179834E-4
56.0	25.60453846804971	24.631612665897475	24.069613156706808	25.694067012244332	1.6869710167463628E-4
57.0	25.578449957443677	24.378011305285884	24.063351517226998	25.98003836965961	1.4885038383056142E-4
58.0	25.463666464792468	24.66992675469546	24.11804907160527	25.611087884938254	0.13726982396854373
59.0	25.767847185829684	24.58098368867724	23.826322166015217	25.67253332338351	0.1523136360943525
60.0	25.79724017495676	24.475944934487472	23.811387510837548	25.91435565695464	0.0010717227635800423
61.0	26.05679171956786	24.2886695414749	23.99192335944107	25.662228358110312	3.8702140585624914E-4
62.0	26.138075644747026	24.18944223860768	24.24248619244545	25.429767671451803	2.2825274803903596E-4
63.0	25.689120293018973	24.814126458616656	25.080371108937204	24.416183649360946	1.9849006621727852E-4
64.0	23.785283442217423	25.40833642429093	25.41067883582544	25.395631819357988	6.94783082270158E-5
65.0	24.97451136778106	23.60270176523297	22.02577196057864	29.395773979814393	0.0012409265929377575
66.0	28.06213935826997	23.170995939661925	24.84625031899819	23.92061438306991	0.0
67.0	26.987062228418356	22.886597856214884	25.91862668372921	24.20685891234823	8.543192893176115E-4
68.0	30.435606256375923	22.887467290470166	23.745836517153666	22.930523408136214	5.665278640269516E-4
69.0	24.03338931569347	23.554441278840386	22.408488632418273	30.003461975406548	2.1879764132164516E-4
70.0	23.811103601567417	25.43177110486009	21.546050207915236	29.210836125516202	2.3896014105020591E-4
71.0	24.300814785326047	24.07920801557929	22.45992888479001	29.159360218403634	6.8809590102269E-4
72.0	26.663544005394584	23.292108942378007	24.47147975477384	25.572857306003254	9.99145031596463E-6
73.0	29.68129683934828	23.85451100111578	21.16949971293064	25.282274841128878	0.012417605476424806
74.0	18.59244540042554	26.617413297903813	31.981131455211482	21.731184432590773	1.0778254138683905
