# Position (bp)	A	C	G	T	N
0.0	21.343898346818282	32.61621703561312	27.04596228853559	17.782074528110765	1.2118478009222429
1.0	25.33147846966699	21.309009954087124	23.879653958041974	29.465555180076713	0.014302438127201868
2.0	25.499380523104204	24.741530787711845	22.92350307509262	26.83557744857501	8.16551632233637E-6
3.0	29.64830803599477	22.415030205479404	23.98009395630459	23.95602996842508	5.378337961556129E-4
4.0	29.672039308617165	21.44601996671563	25.39457661359869	23.487152585461228	2.1152560729001854E-4
5.0	30.666299703595495	22.547932654581704	23.17861927489246	23.606839493701507	3.088732288355593E-4
6.0	22.585070583346248	24.000855831399264	22.442017747616816	30.97145474117274	6.010964649354438E-4
7.0	24.173748543661812	26.40121633008216	22.5972216099601	26.82708286094435	7.306553515755243E-4
8.0	23.810588788250204	25.294382764297733	22.90820016307622	27.986820169516175	8.114859671354676E-6
9.0	30.13574932271362	22.11619999245544	23.24088274579746	24.506048423897106	0.0011195151363719515
10.0	25.498552196004347	25.87891552453181	25.267896253162903	23.354571144179186	6.488212175568101E-5
11.0	24.187569867215597	25.558260642237528	24.7383015136971	25.51573012770831	1.3784914146743816E-4
12.0	25.336128757956484	24.711901218456614	23.916252714861173	26.0354659702266	2.51338499123234E-4
13.0	25.775247717708982	24.26728024973953	23.939557105996943	26.017501482723077	4.13443831466675E-4
14.0	25.947435346747522	24.199660180272573	24.195753088325166	25.656162452668053	9.889319866889755E-4
15.0	25.60978802729225	24.246958689635935	24.37051844597282	25.63738895692074	0.13534588017824445
16.0	25.654062998696315	24.494207898307963	24.34256085234913	25.35285214875061	0.15631610189598527
17.0	26.007800727935006	24.407870893470058	24.132809999172377	25.451372471424527	1.4590799803607834E-4
18.0	25.750467655398708	24.441308143019995	24.277056267230822	25.530843694354843	3.2423999563572966E-4
19.0	25.773391423090153	24.36016708411215	24.389762089713802	25.476136301091206	5.431019926898471E-4
20.0	25.955087410644524	24.209063140146007	24.25278690355749	25.58243027766049	6.322679914896729E-4
21.0	26.132325098258903	24.240238815726386	23.973348769318726	25.65350368470384	5.836319921443134E-4
22.0	25.873686959740173	24.203478106221183	24.150335170936486	25.772272795105206	2.2696799694501074E-4
23.0	26.02332371772606	24.283216827147903	23.93854971178712	25.75370194935517	0.001207793983743093
24.0	25.86490005585845	24.398662477594	24.09359317170024	25.641733772862263	0.001110521985052374
25.0	25.83010910432673	24.424909705240715	24.108378515501226	25.635565106945297	0.0010375679860343348
26.0	25.943066212806325	24.425096143238207	23.962357033466674	25.669367126490318	1.1348399847250537E-4
27.0	25.823121732420784	24.37559280190452	23.983319149184524	25.816815264505667	0.0011510519845068404
28.0	25.796234130782686	24.45273760286615	23.986099507147102	25.764823381205478	1.0537799858161214E-4
29.0	25.86609163784241	24.28457052912968	24.197763376298102	25.651177262735153	3.971939946537688E-4
30.0	26.040394953496282	24.278782845207584	23.961149239482932	25.719413569816695	2.593919965085837E-4
31.0	25.929585934987777	24.297215888959474	24.067005492058104	25.70577927800021	4.134059944355553E-4
32.0	25.98135085029102	24.243748713679143	24.07321468797453	25.701150752062514	5.349959927989539E-4
33.0	26.00129971602251	24.41803581733324	23.972205823334107	25.606829337332076	0.0016293059780695418
34.0	25.831041294314183	24.49255427433022	24.17903041055025	25.494366694845827	0.0030073259595213924
35.0	25.953628330664163	24.41933277731578	23.938776679784066	25.687905548240792	3.5666399519930264E-4
36.0	25.841895228168088	24.26150895944009	23.96978212936673	25.92676504702574	4.8635999345359446E-5
37.0	25.781132652985956	24.400405267570548	24.110007821479297	25.706735785987334	0.0017184719768693671
38.0	25.934409004922856	24.35026965824537	23.933783383851274	25.781513634980826	2.4317999672679723E-5
39.0	25.81932812447184	24.26569976138368	24.06132318613459	25.852992342018723	6.565859911623526E-4
40.0	25.713082783901907	24.423166915264176	24.04498149035455	25.815939816517453	0.002828993961921741
41.0	25.700178032075605	24.40354228952832	23.993508391047378	25.901174405370192	0.0015968819785059684
42.0	25.83950395820028	24.42087291729505	23.861818316819924	25.87736708369064	4.37723994108235E-4
43.0	25.749843493407106	24.40562553150028	24.009809556827964	25.83442149626869	2.999219959630499E-4
44.0	25.810638492588804	24.413739637391064	23.959844173500496	25.815607470521922	1.7022599770875806E-4
45.0	25.74787373543362	24.533084273784684	23.94208392773955	25.776617611046724	3.404519954175161E-4
46.0	25.86978797379265	24.34171782836048	24.077551397916157	25.710877951931582	6.484799912714592E-5
47.0	25.86896116180378	24.313938566734386	24.03103917054221	25.785137016932058	9.240839875618294E-4
48.0	25.773423847089717	24.39444735765074	24.009347514834182	25.822684008426673	9.727199869071889E-5
49.0	25.714712089879978	24.386333251759954	24.157217164843857	25.74114575552418	5.917379920352066E-4
50.0	25.68364989829807	24.483994338445434	24.04869403830458	25.782583626966428	0.001078097985488801
51.0	25.838555556213045	24.29082836104545	24.0541899062306	25.81523459452694	0.0011915819839613065
52.0	25.84291658415434	24.54991232955818	23.91393179011848	25.693052858171512	1.8643799749054455E-4
53.0	25.73338831362859	24.460835496757156	23.86384481679265	25.941323422829786	6.079499918169931E-4
54.0	25.68221513631738	24.621723382591604	23.86339898679865	25.832200452298583	4.620419937809147E-4
55.0	25.58507283362492	24.76198960470362	24.00395702490674	25.648526600770833	4.539359938900215E-4
56.0	25.592238537528466	24.704396475478823	24.092239469718457	25.61102013927567	1.0537799858161214E-4
57.0	25.53935499424028	24.504664638167213	24.077089355922375	25.878712679672528	1.7833199759965132E-4
58.0	25.461683303285742	24.6876819037038	24.150732364931145	25.564451169902487	0.13545125817682607
59.0	25.717816687838184	24.68912477168438	23.812290657486567	25.628277813043383	0.15249006994748365
60.0	25.716884497850735	24.61244201271653	23.80604903757058	25.863432869878196	0.0011915819839613065
61.0	26.024076149268755	24.3758608815427	23.98674566673411	25.612944415910516	3.7288654391890135E-4
62.0	25.979126463281617	24.341685909572327	24.236163043650084	25.442805706843906	2.1887665206273005E-4
63.0	25.619950821443705	24.99183829884449	25.062085272286268	24.325947253886508	1.7835353903279363E-4
64.0	23.72339486245396	25.491856091762383	25.39546355938243	25.389212517035308	7.296936591972251E-5
65.0	24.821741127440742	23.69249525443125	22.004290798591963	29.480151001856708	0.001321817679335789
66.0	27.82513750028593	23.298939402861926	24.932736269884877	23.943178715573826	8.111393441678838E-6
67.0	26.7254327488047	23.135493329823554	25.897075073951232	24.241138713476563	8.601339439526986E-4
68.0	30.30167032461007	23.003833736851824	23.686018396935868	23.007763110102175	7.144315000642176E-4
69.0	23.93011788611975	23.682439812213406	22.44711201061972	29.940110955942806	2.1933510431536947E-4
70.0	23.83140643863261	25.541730997015016	21.57646592887195	29.050046944042457	3.496914379677885E-4
71.0	24.25928115894437	24.32369609636846	22.33838195280614	29.078086965133675	5.53826747355966E-4
72.0	26.739304182858543	23.473602398947403	24.3160735595606	25.471003539263386	1.631937007231521E-5
73.0	29.117886638963885	24.2086173676418	21.381372743811962	25.27914217803216	0.012981071550192192
74.0	18.888005799033223	27.11916433240927	31.124714495690924	21.8083441993597	1.0597711735068858
