# Position (bp)	A	C	G	T	N
0.0	21.590128184389823	30.798710032548097	27.65439657602889	18.74657938913113	1.2101858179020553
1.0	25.550860534913955	21.74025630399471	24.122222749526205	28.572493735074485	0.014166676490642184
2.0	25.671636217552013	24.13375164853653	23.134039345640666	27.060572788270793	0.0
3.0	29.528419118177435	22.30525496620273	24.050398562514125	24.115506590346982	4.20762758729024E-4
4.0	29.694334106879843	21.521696209262036	25.06289691267526	23.720792718140814	2.8005304204616353E-4
5.0	30.716767851994785	22.47993072997832	23.096126144986393	23.70696542444626	2.0984859423925638E-4
6.0	22.70251620154578	23.9671030852217	22.24172771217047	31.08796394541281	6.890556492327265E-4
7.0	24.510405795015632	26.45175559458884	22.6673056955982	26.369734461321865	7.984534754633749E-4
8.0	24.092334468529412	25.32727296851629	22.74683930346308	27.833553259491218	0.0
9.0	30.45461454316537	22.118209395602598	23.103922666877306	24.322016689924688	0.0012367044300348432
10.0	25.62574451849427	25.948683699777437	25.036929912087118	23.388552131076533	8.973856463963535E-5
11.0	24.309095723300132	25.582908114436652	24.4724607293933	25.635385895121004	1.4953774891056766E-4
12.0	25.622944935356823	24.57323782645668	23.651428541240147	26.152229210921963	1.5948602438920092E-4
13.0	25.996621682230025	24.115204861843388	23.769160511555608	26.118375074600863	6.378697701157215E-4
14.0	26.136331021000743	24.090620263751017	23.929622678664963	25.842499216687703	9.268198955743054E-4
15.0	25.796068529661024	24.243645204574065	24.04659133580857	25.782784111157795	0.13091081879853847
16.0	25.78266452149385	24.46222521284967	24.049391727105952	25.549514505827602	0.1562040327229211
17.0	26.175974994598533	24.212422336479072	23.895748906352523	25.715744138711255	1.0962385861631569E-4
18.0	25.956318679347422	24.336755723760632	23.964662450200873	25.742014001557855	2.4914513321889933E-4
19.0	25.952880476509005	24.37301132354665	24.05067731599336	25.622643585330017	7.872986209717218E-4
20.0	26.1142069331709	24.178289453228082	23.942518430760376	25.764417131936902	5.680509037390905E-4
21.0	26.346131154781716	24.25384022342538	23.690064650172328	25.709425818132825	5.381534877528225E-4
22.0	25.984312626515898	24.205017743119807	23.874372253922342	25.936117991946034	1.793844959176075E-4
23.0	26.226730841137886	24.287076184196785	23.592429655366505	25.892278414304837	0.00148490499398464
24.0	26.075340292388756	24.321129341005143	23.82817078041823	25.77440286887631	9.567173115605733E-4
25.0	26.000576820812427	24.4831334724294	23.842471711064995	25.672861278381614	9.567173115605733E-4
26.0	26.121890569079376	24.466231466591832	23.68278961228234	25.72898869399317	9.965805328755972E-5
27.0	26.036583275465226	24.472938453578085	23.662040805587868	25.827480748057262	9.567173115605733E-4
28.0	25.99024228068651	24.548539052802028	23.607258773695694	25.853840303151827	1.1958966394507166E-4
29.0	26.040430076322124	24.2371773969157	23.9646026553689	25.757560657870716	2.292135225613874E-4
30.0	26.288528799981503	24.21010030383747	23.687463574981525	25.81365817606628	2.4914513321889933E-4
31.0	26.13799531049065	24.218880178332107	23.775820405026273	25.86686561071651	4.3849543446526277E-4
32.0	26.208064887757125	24.24128330871115	23.68877906128492	25.861354520369705	5.182218770953106E-4
33.0	26.217362984128854	24.448253153778754	23.67202654252728	25.660872414571124	0.00148490499398464
34.0	25.99870324941062	24.543914919129485	23.84433531666147	25.610126533837096	0.0029199809613255
35.0	25.999719761554157	24.48328295950933	23.68543055069446	25.83114816441825	4.185638238077509E-4
36.0	26.071184551566663	24.18527548276354	23.660535968983222	26.082954167659928	4.982902664377986E-5
37.0	25.978652049089163	24.39036179062401	23.799140389495562	25.829962233584126	0.001883537207134879
38.0	26.077502872145097	24.344020795845296	23.5658109893334	26.01264541106555	1.9931610657511946E-5
39.0	26.007134320718748	24.29736089529606	23.76695083828368	25.9279260999658	6.278457357116262E-4
40.0	25.836360280605184	24.413203416437522	23.82770238756778	25.919843831844176	0.002890083545339232
41.0	25.900849006887565	24.32532494504855	23.747676970777867	26.024694069708016	0.001455007577998372
42.0	26.133550561314017	24.33211165847743	23.55240698116622	25.98159196166115	3.388373811777031E-4
43.0	25.908811685345245	24.413661843482643	23.670970167162434	26.006197535017844	3.58768991835215E-4
44.0	25.920411882747917	24.49836122297174	23.616616664899396	25.96441091327437	1.9931610657511944E-4
45.0	25.920182669225355	24.59919524128809	23.62740963207044	25.852803859397632	4.0859801847899484E-4
46.0	26.044207116541724	24.285262407626952	23.84312945421669	25.827391055809308	9.965805328755973E-6
47.0	25.94288477376426	24.287494748020592	23.801661738243737	25.967161475545108	7.972644263004778E-4
48.0	25.891590773737157	24.37378865636229	23.738667882760673	25.99583309747594	1.1958966394507166E-4
49.0	25.73155987176799	24.438068100732764	23.956520387247277	25.87328358934823	5.680509037390905E-4
50.0	25.816368875115703	24.534407540845848	23.680617066720668	25.967360791651682	0.0012457256660944964
51.0	26.062663788010575	24.24458199027497	23.79570218665714	25.896085351940425	9.666831168893292E-4
52.0	26.013721718041054	24.59744125955023	23.605654279037765	25.783033256291016	1.494870799313396E-4
53.0	25.876512510274747	24.397148504052893	23.638999863667784	26.086721242074194	6.178799303828702E-4
54.0	25.918578174567426	24.61164253214371	23.56691719372489	25.902224288022936	6.378115410403823E-4
55.0	25.81118665634475	24.67412813155501	23.71458053128107	25.799666185384705	4.3849543446526277E-4
56.0	25.754341702749528	24.742154718729097	23.69686132940654	25.80646286461892	1.793844959176075E-4
57.0	25.843954224265698	24.555993475187936	23.54130507402999	26.05862763685243	1.1958966394507166E-4
58.0	25.729267736542376	24.73635462002776	23.769322699951925	25.631204212107416	0.13385073137052148
59.0	25.906100986295822	24.66584654732681	23.476955869022213	25.794105266011265	0.15699133134389281
60.0	25.9621686070754	24.634972482418327	23.44500549713822	25.956627619312616	0.0012257940554369845
61.0	26.191535438760145	24.50279896392989	23.54825110847343	25.75711550746606	2.9898137047080597E-4
62.0	26.225627185131735	24.287024154550853	23.826845875707114	25.66028352395722	2.192606530778216E-4
63.0	25.850690198128095	24.948306652928288	24.74330737353544	24.457436635906806	2.59139501371745E-4
64.0	23.84950183978633	25.479458335804487	25.187395058916522	25.483505217836385	1.395476562721937E-4
65.0	24.841102096240007	23.76516648488486	21.749063341820914	29.643381979075485	0.0012860979787325255
66.0	27.738684246872115	23.38816178190048	24.64811085421789	24.225043117009516	0.0
67.0	26.431895690803326	23.44591684788372	25.54838712251796	24.573022233559062	7.781052359399626E-4
68.0	30.255447359244158	23.104150909801163	23.38183104408409	23.25783212278688	7.38564083708454E-4
69.0	24.160191106020097	23.821820800156594	22.16407394572613	29.853694440089125	2.1970800805729186E-4
70.0	24.162089687758346	25.502736189757414	21.43300821511769	28.901955958027326	2.0994933922444513E-4
71.0	24.47533640817843	24.61825512803761	22.05861429717862	28.84716337780394	6.307888013961458E-4
72.0	27.004960121123695	23.90109529111986	23.508811489818807	25.585113036374725	2.0061562918126856E-5
73.0	28.439196626356633	24.624286313888692	21.520195337390007	25.403978731798997	0.012342990565666371
74.0	20.02420747850082	27.88847687025031	29.039348536665244	22.00903572392009	1.0389313906635325
