# Position (bp)	A	C	G	T	N
0.0	17.256033782497116	32.8368030757748	33.42342571635659	16.38399593756334	0.09974148780814145
1.0	18.417960875486	25.716281914065103	23.960962631927163	31.68216177990044	0.22263279862129137
2.0	19.7617008002591	31.090014327713522	24.79063474436709	24.353402742438163	0.004247385222123326
3.0	24.19814465901978	25.658587757541127	26.3624348668807	23.780594796408757	2.379201496359128E-4
4.0	25.66642471855742	22.306617438923915	26.746997787677092	25.279742617815288	2.174370262837877E-4
5.0	27.049771933485218	22.538428548589263	25.010390898234768	25.401290120494917	1.1849919583483227E-4
6.0	24.02525467332835	20.86407850342969	22.25705254910165	32.85253864136726	0.0010756327730503663
7.0	24.164634032073053	23.65867322633111	22.65436598074907	29.52080783293371	0.0015189279130620897
8.0	23.61952864608702	23.36216800556251	22.471926176087447	30.54545035055552	9.268217075053233E-4
9.0	29.23423482035516	21.400143840469564	23.31180655034042	26.053351486883823	4.633019510335182E-4
10.0	25.743014539786312	24.146602613077373	25.393376871482037	24.715912002794262	0.0010939728600116848
11.0	24.601278923076876	24.232701834636806	24.432886497671117	26.731408119201376	0.001724625413823868
12.0	25.302310666639993	23.63792549384381	24.07844383952802	26.980137453312814	0.0011825466753636405
13.0	26.018274827580907	23.255253180248854	23.57690441456736	27.148503323036344	0.0010642545665389693
14.0	25.455712339281135	23.984658215868713	24.280374721392384	26.27738247633849	0.001872247119276824
15.0	25.67321818488007	23.833912760970307	24.569715732778306	25.921754062997966	0.0013992583733542577
16.0	26.023870362456204	23.79448717821122	24.059715617487303	26.121414437370525	5.124044747494465E-4
17.0	25.69691689183723	24.2350860489703	24.30130447339946	25.76614076558944	5.518202035763271E-4
18.0	25.56220378463916	24.345775269448385	24.513577880996625	25.57688614362717	0.0015569212886617798
19.0	25.81574546031807	24.031336292731947	23.92066678011827	26.228881422017015	0.003370044814698283
20.0	25.582512738917206	24.30255592278971	24.147908310737446	25.96578143209759	0.0012415954580467358
21.0	25.762967799418874	24.05352734806148	24.289982305293936	25.89179810908953	0.0017244381361760219
22.0	25.867912177420443	23.751474764128886	24.012732068725658	26.367408000979086	4.7298874592256604E-4
23.0	25.72100975608266	24.282897328037304	23.989092485361738	26.005108475534605	0.0018919549836902642
24.0	25.800935000211368	24.254261801044578	24.30910878770718	25.633694062798913	0.0020003482379641856
25.0	26.007217217026845	24.09395803190565	23.67384548620435	26.22340263571008	0.00157662915307522
26.0	25.425973171881257	24.64268410076907	24.060168898368808	25.870011064980474	0.0011627640003929749
27.0	25.7781132932206	24.24013126226014	24.2746791485769	25.706061340925068	0.0010149550172921728
28.0	25.983193330306865	24.215998982285882	23.719636709168977	26.080964045661943	2.0693257634112262E-4
29.0	25.57797007616991	24.506118454316137	24.114168446861637	25.80108280919447	6.602134578502484E-4
30.0	25.69066949881817	24.75341273697598	24.26385953101392	25.290560435496506	0.001497797695421459
31.0	26.064882428300574	24.396966447262297	23.609509162826672	25.928139411067917	5.025505425427264E-4
32.0	25.721955733574504	24.744485074396696	24.002828866857907	25.529991280255395	7.390449155040094E-4
33.0	25.85449112175489	24.334187045173284	24.286947294174265	25.521240988455823	0.003133550441737
34.0	25.993490689462885	24.431425648189197	23.91781899371053	25.655786578806378	0.0014780898310080188
35.0	25.774900911321215	24.65300116778951	24.19638965719451	25.375501331118432	2.0693257634112262E-4
36.0	25.71800430675961	24.422547255270942	24.166808152709933	25.691585914513393	0.0010543707461190533
37.0	26.079485955830933	24.169655939117675	23.70847220397876	26.04235633927601	2.9561796620160378E-5
38.0	25.864660379792227	24.652508471179168	23.937369195208664	25.544762324633265	6.996291866771288E-4
39.0	25.744511384395686	24.505399117265046	24.125411783509502	25.624618591236526	5.9123593240320755E-5
40.0	25.837749290935676	24.426390288831563	23.927663071985044	25.80709370784057	0.0011036404071526542
41.0	25.55036921205889	24.671053571592218	24.041811022667687	25.734558912866902	0.0022072808143053083
42.0	25.739682957614395	24.503241106111773	24.33951802249712	25.41699623964093	5.616741357830472E-4
43.0	26.24848089317618	23.96833025020218	23.740931056667698	26.04203115951319	2.266404407545629E-4
44.0	25.578147446949632	24.6054855066887	24.306783259706393	25.50791847211234	0.0016653145429357012
45.0	25.868493559420642	24.468978983829007	24.30741391136762	25.35438435439943	7.291909832972893E-4
46.0	26.23929702835952	24.19127546637922	23.794615279329907	25.77475310233811	5.9123593240320755E-5
47.0	25.774831933795767	24.705906929807387	23.854073906265256	25.665019713284074	1.6751684751424212E-4
48.0	25.968304038742506	24.542440048430105	24.15667831040143	25.33168089459515	8.967078308115315E-4
49.0	26.477082266439883	24.105644795502823	23.54206885080388	25.874189132236125	0.0010149550172921728
50.0	25.73772202510526	24.803303195738607	23.674417014272336	25.783710326714022	8.474381697779307E-4
51.0	26.329480215915417	24.378243976069527	23.68955265414186	25.601481558415145	0.0012415954580467358
52.0	26.509097692179516	24.237283475852397	23.457571382131253	25.7959981801758	4.9269661033600625E-5
53.0	26.18755403034203	24.7587141525032	23.445638270228915	25.60739391773918	6.996291866771288E-4
54.0	26.1974769400742	24.59185751844681	23.76408779735349	25.44575001382014	8.277303053644905E-4
55.0	26.245800623615956	24.282177990986213	23.517266503439565	25.95279394944913	0.001960932509137305
56.0	25.742333665378002	24.855824654400426	23.81291403143779	25.587774738715595	0.0011529100681862546
57.0	25.90849067024772	24.71745573835366	23.919257667812712	25.45466782246722	1.2810111868736163E-4
58.0	26.19559483902271	24.702980311941992	23.276544793561598	25.82477166221942	1.083932542739214E-4
59.0	26.197250299633446	24.87326611440632	23.389520126311645	25.539342661919566	6.207977290233679E-4
60.0	26.542206904394096	24.643186651311613	23.604700443909792	25.2085855734688	0.0013204269157004967
61.0	27.350514520171227	23.964098830205536	22.748266612588072	25.93697222746946	1.4780956570297786E-4
62.0	27.245839180884897	24.47228166945569	23.066474762522564	25.214773728577562	6.306585592881127E-4
63.0	27.033948686890223	24.919498384547868	23.68139403364212	24.364538078838322	6.208160814621066E-4
64.0	24.532984481514056	25.87082135387026	23.738784882102372	25.85676873538752	6.405471257911373E-4
65.0	26.16370407837018	23.429675109409253	20.7279238911336	29.678273121612314	4.2379947464634424E-4
66.0	31.002537021518794	22.704040869931145	22.971474501686764	23.32147444747058	4.7315939271174844E-4
67.0	29.871121372925302	23.0090485892213	23.122507215769478	23.995686067759856	0.001636754324063355
68.0	33.448893929636	22.426186597976074	20.261916089118508	23.86239181236768	6.115709017326888E-4
69.0	25.272720669451576	25.463321172061338	21.927466210428165	27.336452471954203	3.947610471905251E-5
70.0	24.92962157270692	27.584401753730823	21.860918634081575	25.624949369814725	1.0866966594944687E-4
71.0	23.648046385394807	27.12463631580504	25.423099259510145	23.804079554164943	1.3848512506542187E-4
72.0	24.4416789370782	25.452608272387483	31.155293179117493	18.94543614996989	0.004983461446931683
73.0	32.39190483569224	24.57567713471659	25.470789033425927	17.31562752958928	0.24600146657596791
74.0	15.232970977831581	35.44495727683562	33.199019604257565	16.009910018639953	0.1131421224352793
